0 0 0 0 0 14.156035008865729 9.296722825602956 2126.275325507464 1473.588220444588 0 0 0 0 0 0 0 0 0 0 0 0 0 0 0 0 0 0 0 0 0 0 0 0 0 0 0 0 0 0 0 0 0 0 0 0 0 3356.6439898833632 19665.144913551398 2278.9486602284014 401.3135298192501 0 0 0 0 0 0 0 0 0 0 0 0 0 0 0 0 0 0 0 0 0 0 0 0
0 0 0 0 0 0.7188787171753575 0.6844570515386295 323.5585352284688 159.88014592422587 0 0 0 0 0 0 331.7873357376084 0 0 0 0 0 0 0 0 0 0 0 0 0 0 0 0 0 0 0 0 0 0 0 0 0 0 0 0 0 7455.330098092556 0 0 0 34.890976548194885 0 0 0 0 0 0 0 0 0 446.88997909134196 144.24302423140034 0 0 0 0 0 0 0 0 0 0 0 0 0
0 0 0 0 0 0.08764801236611675 0 93.96368869324579 607.9289213449047 1027.0751441827888 0 0 0 0 62.08290663675871 0 0 0 0 0 0 0 0 0 0 0 0 0 0 0 0 0 0 0 0 0 0 0 0 0 0 3.4670327100902796 0 0 0 0 1496.5085126012564 99.24056331068277 18308.321928117424 86558.20989599079 0 0 0 0 0 0 0 0 0 0 0 0 0 0 0 0 0 0 0 0 0 0 0 0
0 0 0 0 0 0 0 159.5956119941402 4080.9486173852056 1169.2412388255543 0 0 0 0 0 0 0 0 0 0 0 0 0 0 0 0 0 0 0 0 0 0 0 0 0 0 0 0 0 0 26.698831708636135 4.871553267352283 0 841.0702306032181 0 197251.05741433054 0 0 0 0 0 0 0 0 0 0 0 0 0 0 0 0 0 0 0 0 0 0 0 0 0 0 0 0
0 0 0 0 0 0 0 0 1614.6101343339978 692.5980772860348 0 0 591.3142278578853 0 0 0 0 0 0 0 0 0 0 0 0 0 0 0 0 0 0 0 0 0 0 0 0 0 0 0 2.19858137704432 3.8307806090451777 0 476.07747596502304 7.810810908675194 3075.02686804533 56430.84740482643 0 1390.2651963606477 0 0 0 0 0 0 0 0 0 0 0 0 0 0 0 0 0 0 0 0 0 0 0 0 0
0 0 0 0 0 0 0 0 272.4976057949534 0 0 0 0 0 18.319546171376714 0 0 0 0 0 0 0 0 0 0 0 0 0 0 0 0 0 0 0 0 0 0 0 0 0 0 0 0 0 0 0 0.4677102863788605 0 0 0 0 0 0 0 0 0 0 0 0 0 0 0 0 0 0 0 0 0 0 0 0 0 0 0
0 0 0 0 0 0 0 865.7468217505593 1243.9417629372692 3872.516619788447 3319.099741711176 520.7451371749048 0 1021.422929789871 4628.334565881174 0 0 0 0 0 0 0 0 0 0 0 0 0 0 0 0 0 0 0 0 0 0 0 0 0 0 0 0 0 392.32002049684525 0 0 0 0 0 0 0 0 0 0 0 0 0 0 0 0 0 0 0 0 0 0 0 0 0 0 0 0 0
0 0 0 0 0 0 237.90236693178304 963.6585136107592 0.023576434624374087 2498.762424312634 2106.3892035281606 1757.5703005486866 0 40.76195798336994 0 0 0 0 0 0 0 0 0 0 0 0 0 0 0 0 0 0 0 0 0 0 0 0 0 0 0 0 0 0 0 0 0 73.34495314955711 0 0 0 0 0 0 0 0 0 0 0 0 0 0 0 0 0 0 0 0 0 0 0 0 0 0
0 0 0 0 0 0 3.4341262099515006 323.5062077141422 4945.102052801857 1593.1844168002717 12336.509364841573 2250.9409911731636 0 1279.528922727026 0 0 0 0 0 0 0 0 0 0 0 0 0 0 0 0 0 0 0 0 0 0 0 0 0 0 0 0 0 0 157.71684247720987 0 0 0 0 0 0 0 0 0 0 0 0 0 0 0 0 0 0 0 0 0 0 0 0 0 0 0 0 0
0 0 0 0 0 0 709.9634520277614 383.0470650467823 877.7769110341621 1034.7232126559913 1485.4525768350848 1340.3800702804954 9.945897574605624 1314.4044075194688 0 0 0 0 0 0 0 0 0 0 0 0 0 0 11907.89484079741 65088.38447043694 0 0 0 0 0 0 0 5035.879785940051 0 0 0 0 0 0 0 0 0 0 2124.5128964558244 13968.869272232056 0 0 0 0 0 0 0 0 0 0 0 0 0 0 0 0 0 0 0 0 0 0 0 0
0 0 0 0 0 5379.633253703825 297.5384726029515 270.2474035543395 514.3425270106007 630.1808959868365 300.40167207129116 4278.493173805815 401.61676681523386 0 0 0 0 0 0 0 0 0 0 0 0 0 0 0 0 1076905.899798431 0 0 0 0 0 0 0 0 7271.722205486149 0 0 0 0 133.81964084878564 0 0 0 0 747.2363581210375 451.4782238602638 0 0 0 0 0 0 0 0 0 0 0 0 0 0 0 0 0 0 0 0 0 0 0 0
0 0 0 0 0 0 5.089832544566889 0.38374079561453167 240.62727932692354 502.14201634910154 41.985406297714974 632.0539838403863 39.23263562618013 0 0 0 0 0 0 0 0 0 0 0 0 0 0 0 0 176329.5547392347 201461.47012630227 0 0 0 0 0 0 0 0 0 0 6.66310801031068 7.2461704961024225 0 0 0 81.64469094574451 290.26835030317307 0 61.07759362459183 0 0 0 0 0 0 0 0 0 0 0 0 0 0 0 0 0 0 0 0 0 0 0 0
0 0 0 0 0 0 0 0.539885379167292 247.0256342366756 87.57597758942761 21.197935735793695 202.29007852943485 13176.365317195834 0 0 0 0 0 0 0 0 0 0 0 0 0 0 0 0 0 0 0 0 0 0 0 0 0 0 0 0 0 0 0 0 0 0 351.0298850685358 0 672.0734436511993 0 0 0 0 0 0 0 0 0 0 0 0 0 0 0 0 0 0 0 0 0 0 0 0
0 0 0 0 0 0 660.3527935367963 445.2194547943885 343.16297213560915 15.385058869726661 17865.196509826565 38764.709898136236 48.38075313452282 0 0 0 0 0 0 0 0 0 0 0 0 0 0 0 0 0 0 0 0 0 0 0 0 0 0 0 0 0 0 0 8.923473103903234 0 613.3684788942337 42911.30350226164 0 2066.1250907182693 0 0 0 0 0 0 0 0 0 0 0 0 0 0 0 0 0 0 0 0 0 0 0 0
0 0 0 0 0 0 2909.862913617576 38.12913274619119 2675.780021729727 3970.7147818598714 459551.87174227124 6108.2962468116475 0 0 0 0 0 0 0 0 0 0 0 0 0 0 0 0 0 0 0 0 0 0 0 0 0 0 0 0 0 0 0 0 0 0 1055.6473693558946 230475.479243353 0 0 2247.8479224443436 0 0 0 0 0 0 0 0 0 0 0 0 0 0 0 0 0 0 0 0 0 0 0
0 0 0 0 0 0 223.70225520921525 147.7885006547579 88126.51239556371 23193.059032132118 4413.925329938498 33.0107767596146 0 0 0 0 0 0 0 0 0 0 0 0 0 0 0 0 0 0 0 0 0 0 0 0 0 0 0 0 0 0 0 0 0 0 8597.86687810719 0 0 0 727.070311665535 0 0 0 0 0 0 0 0 0 0 0 0 0 0 0 0 0 0 0 0 0 0 0
0 0 0 0 0 0 0.000308417365886271 132.87017081861265 717.1896926101584 5637.786444407073 4072.89066867593 350.3634616425752 0 0 0 0 0 0 0 0 0 0 0 0 0 0 0 0 0 0 0 0 0 0 0 0 0 0 0 0 0 0 0 0 0 0 3043.9571838602424 1712.3440230060369 22.282889093272388 0 0 0 436.3258601799607 0 0 0 0 0 0 0 0 0 0 0 0 0 0 0 0 0 0 0 0 0
0 0 0 0 0 0 305.18213262979407 1.866570337374995 48.88056400971138 2116.5983833878818 58.84998700971652 0.0019923680515034903 0 0 0 0 0 0 0 0 0 0 0 0 0 0 0 0 0 0 0 0 0 0 0 0 0 0 0 0 0 0 0 0 0 0 696.6805982738733 1256.6827047597617 130.81209380552173 18.601650031283498 0 0 1.9226378425955772 0 0 0 0 0 0 0 0 0 0 0 0 0 0 0 0 0 0 0 0 0
0 0 0 0 0 0 0 298.73422173532106 7.961367115656856 384.32998794080925 185.38107918605186 543.0218857860798 0 0 0 0 0 0 0 0 0 0 0 0 0 0 0 0 0 0 0 0 0 0 0 0 0 0 0 0 0 0 0 5308.903306458145 0 25.821039110422134 529.6439556367695 614.3707053568214 265.47671864181757 40.359552228823304 0 0 0 0 0 0 0 0 0 0 0 0 0 0 0 0 0 0 0 0 0 0 0 0
0 0 0 0 0 0 0 0 9.555588807045595 1944.122677791067 991.6390334804843 11.156811119331337 0 0 0 0 0 0 0 0 0 0 0 0 0 0 0 0 0 0 0 0 0 0 0 0 0 0 0 0 0 0 0 2011.391798619181 1246.6372627057135 0 101.77519905567169 170.3994899019599 603.2251002341509 265.4287120234221 0 0 0 0 0 0 0 0 0 0 0 0 0 0 0 0 0 0 0 0 0 0 0 0
0 0 0 0 0 0 0 0.2286267001181841 27.8143403651261 971.454760615154 2346.6387829543773 4209.625799513469 9789.154705157916 0 0 0 0 0 0 0 0 0 0 0 0 0 0 0 0 0 0 0 0 0 0 0 0 0 0 0 0 0 0 0 0 0 0 196.07086038589478 416.5657182633877 1098.7847168594599 115.20218573510647 0 0 0 0 0 0 0 0 0 0 0 0 0 0 0 0 0 0 0 0 0 0 0
0 0 0 0 0 0 0 5023.548648022119 35.11901253887447 24.35565207267109 29582.75623449543 5248.6452381092395 30325.7374065895 2197.0224758389104 1.3706481660483405 0 0 0 0 0 0 0 0 0 0 0 0 0 0 0 0 0 0 0 0 0 0 0 0 0 0 0 0 0 0 0 0 0 0 0 1027.8060456737876 0 0 0 0 0 0 0 0 0 0 0 0 0 0 0 0 0 0 0 0 0 0 0
0 0 0 0 0 0 852.6275861114264 0 5.521870238647324 14.810531384710998 563.0956998957497 419.7535428847659 5185.242709725023 15863.992119844432 4019.6913803594316 0.0757731712583336 0 0 0 0 0 0 0 0 0 0 0 0 0 0 0 0 0 0 0 0 0 0 0 0 0 0 0 0 0 0 0 0 0 0 0 0 0 0 0 0 0 0 0 0 0 0 0 0 0 0 0 0 0 0 0 0 0 0
0 0 0 0 0 0 0 0 0 2.1712971573240907 82.30014178005513 776.2761625167354 342.51107343073676 15290.503253065643 522.6281605095373 0.02963513803842943 0 0 0 0 0 0 0 0 0 0 0 0 0 0 0 0 0 0 0 0 0 0 0 0 0 0 0 0 0 0 0 0 0 0 7.703346271067858 9.001740545034409 0 0 0 0 0 0 0 0 0 0 0 0 0 0 0 0 0 0 0 0 0 0
0 0 0 0 0 0 0 0 1123.3007094512577 0.0009681697459882344 3.590261117190991 1164.8234135336322 0.7418958417470662 36626.66263600314 11002.115776225353 11382.74042736736 8.547518455627142 0 0 0 0 0 0 0 0 0 0 0 0 0 0 0 0 0 0 0 0 0 0 0 0 0 0 0 0 0 0 0 0 0 67.04925632104278 0 0 0 0 0 0 0 0 0 0 0 0 0 0 0 0 0 0 0 0 0 0 0
0 0 0 0 0 111.82001367340854 0 134.89298144355416 433.8531382968649 0.3596186631856213 1.1118583905025616 31.998840333017256 377.32206914176413 9905.42382051865 6269.587144724917 48578.63348704197 112562.93655256195 0 0 18.039607936982065 0 0 0 0 0 0 0 0 0 0 0 0 0 0 0 0 0 0 0 0 0 0 0 0 0 0 0 0 0 0 6.215024426579475 0 0 0 0 0 0 0 0 0 0 0 0 0 0 0 0 0 0 0 0 0 0 0
0 0 0 0 0 0 312.4969877055846 0 427.311997653218 127.48727786029576 98.75200367696152 4970.471181626937 301.3840564578802 8150.80838155737 116001.9057421358 20994.314440100803 3900459.07917865 2045672.213515793 3026088.5547500197 554964.35476716 244706.44224831523 1952744.8446843366 0 0 0 0 0 0 0 0 0 0 0 0 0 0 0 0 0 0 0 0 0 0 0 0 0 0 0 0 0 0 0 0 0 0 0 0 0 0 0 0 0 0 0 0 0 0 0 0 0 0 0 0
0 0 0 0 0 0 0 0 0 0.9983729624208735 1246.499233334275 122.28296760364287 8776.998633348983 37956.281307263824 24358.423464943848 128364.16909545066 1465888.769154374 2763576.6520737745 403097.91732035385 94981.34141487657 650419.1572727361 10256261.893327385 1252412.1422720978 121452.52038224411 0 0 0 0 0 0 0 0 0 0 0 0 0 0 0 0 0 0 0 0 0 0 0 0 0 0 0 0 0 0 0 0 0 0 0 0 0 0 0 0 0 0 0 0 0 0 0 0 0 0
0 0 0 0 0 0 0 0 0 0.14960547114915812 0.3796634168841422 2047.045532513255 2571.3091524352785 130536.43389887744 7855.2811660436255 297329.41958730697 248876.7231524806 698497.0371742623 22708.250169525643 2697.933565293481 660410.4337966852 296724.27049159625 2833991.664918765 8625129.767993107 0 117.2639275707188 0 0 0 0 0 0 0 0 0 0 0 0 0 0 0 0 0 0 0 0 0 0 0 0 0 0 0 0 0 0 0 0 0 0 0 0 0 0 0 0 0 0 0 0 0 0 0 0
0 0 0 0 0 0 401.35397186645423 0 0 2636.499055497814 832.8587854562716 6319.6252909837385 16303.17839119025 39448.66659961427 29929.131360331856 20929.868149695132 357394.3855019912 747264.0907587702 936140.0544704677 13940.980789028361 26704.606987871775 7147.538928526981 116556.39357400041 13174871.136776157 4224234.979334384 536.754392337054 0 0 0 0 0 0 0 0 0 0 0 0 0 0 0 0 0 0 0 0 0 0 0 0 0 0 0 0 0 0 0 0 0 0 0 0 0 0 0 0 0 0 0 0 0 0 0 0
0 0 0 0 0 0 0 1782.2134064800484 0 245.217488004826 23712.13433101477 4258.535022783073 3447.3124454437975 31171.297551221734 227088.10608739752 1623561.9285245119 199403.26673557737 210359.80210243922 35212.05146598467 179202.40223895846 60554.08595073544 8371.771952484976 2950048.045506107 249630.50371029988 1734877.758724106 58490.074173537294 26621.794720204416 0 0 0 0 0 0 0 0 0 0 0 0 0 0 0 0 0 0 0 0 0 0 0 0 0 0 0 0 0 0 0 0 0 0 0 0 0 0 0 0 0 0 0 0 0 0 0
0 0 0 0 0 0 0 0 0 0 489.232834174054 2116.320385391288 79.99120750008069 39451.58563155464 1604110.7403470958 157075.0663469087 195592.89890462873 151694.23179263025 222683.06323774395 426938.4975170638 2225178.2644018335 297880.297236425 64860.83787633998 4772514.8578157835 255701.90219158892 18447.930163861027 51618.050023932934 28150.43009897732 0 0 0 0 0 0 0 0 0 0 0 0 0 0 0 0 0 0 0 0 0 0 0 0 0 0 0 0 0 0 0 0 0 0 0 0 0 0 0 0 0 0 0 0 0 0
0 0 0.019106002048772552 0.01740950251629414 0.01319337441668722 0 0 0 0 4.142322783571217 332.7007368294985 1666.4653940202186 100481.27075748381 40244.83757575768 106762.03157695856 90174.15083694353 30244.21728878363 220866.1911794747 65897.3130558133 65413.231969911336 647436.1051183423 11185.608376801512 197894.35051232882 1098210.1960266845 1759464.1743265765 1125278.0926320641 938344.22893963 95963.84326888861 825446.1281621646 0 0 0 0 0 0 0 0 0 0 0 0 0 0 0 0 0 0 0 0 0 0 0 0 0 0 0 0 0 0 0 0 0 0 0 0 0 0 0 0 0 0 0 0 0
0 0 0.021471541581490783 0.1786264057095508 0.10430259439084466 0 0 6.145563794852933 0 10.663496372562804 66.95890515580777 90.06303443130264 4468.814140271546 12276.17207575887 67254.19344848965 50513.55077541171 16618.352348570756 198489.3927703512 70515.36603546482 93476.80108097954 102624.45611600809 388025.8610175088 284046.5483715841 35330.01199782435 235648.05622831988 201422.4597319184 452763.12070149614 1374166.0648357081 5154.416705913609 0 0 0 0 0 0 0 0 0 0 0 0 0 0 0 0 0 0 0 0 0 0 0 6714.078524079174 0 0 0 0 0 0 0 0 0 0 0 0 0 0 0 0 0 0 0 0 0
0 0 0.02870436214462302 0.10678055730507197 0.07886466724920638 0 10.355850138759706 0 0 4.6862357289119245 105.16328419364163 2548.8666313976264 5.266514231345354 2377.0204020712936 399537.0021510138 75606.62015801792 22198.575989226283 23952.18986498493 109319.00078073169 116245.39758392384 312555.84958454093 114817.38523845909 1255230.7658364426 201400.13155558877 2584207.592241705 1113006.4365774796 735261.3068403173 1149023.1125593663 880044.2878424043 100066.11841796571 2758.903176110238 0 0 0 0 0 0 0 0 0 0 0 0 0 0 0 0 0 0 0 0 1.8015816882252693 0 0 0 0 0 0 0 0 0 0 0 0 0 0 0 0 0 0 0 0 0 0
0 0 0.1608941127447352 0.13192372889090365 0.0402008793648605 0 1964.7379019318614 1.3194594415836036 0 0.27005211380310357 17.413864018423283 13.584935750984641 1048.25838567336 11566.934056265 54003.75650493587 294547.5885106515 62284.7978634651 28660.90806549597 169194.5029149775 76484.57408605912 4132427.3282906236 1057423.9093810602 49104.116435437514 158657.40172023274 59152.79033296021 66413.01749316073 157861.38506442844 1875544.0453716614 1098589.1432083908 8289377.414128736 1590952.081551368 0 0 0 0 0 0 0 0 0 0 0 0 0 0 0 0 0 0 0 0 0 0 0 0 0 0 0 0 0 0 0 0 0 0 0 0 0 0 0 0 0 0 0
0 0 0.1857847478427601 0.1265453746575389 0 0 0 0 0 0 0 877.1446832120419 2116.6657743081178 15936.707461065555 25234.95802950166 80888.72863794726 119775.51448156338 58896.74019070959 53755.4211829576 48080.033362422764 76240.42434253376 46686.90765947405 374149.5386464201 528556.2861348835 504449.82380405744 4383.290587921229 636814.0667743254 273918.96305423253 1699574.3525381652 8427057.470379598 3691354.0313574914 191780.23182897642 0 0 0 0 0 0 0 0 0 0 0 0 0 0 0 0 0 0 0 0 0 0 0 0 0 0 0 0 0 0 0 0 0 0 0 0 0 0 0 0 0 0
0 0.03493684091915483 0.14788074134817464 0.16950740336375958 0.07961221739270741 0 0 0 0 0 0 0 1103.2202028817046 1089.1765971242748 6774.408104568181 65767.95906612408 121926.87356433264 149956.7240841476 51568.64009377076 45524.08720088796 180128.20786302726 154666.80229940743 169590.03832525224 98795.76881589848 415564.1262832288 644599.6894991855 1017408.8077676699 11174225.170726132 2059633.916321331 7052843.549815923 28929721.505292017 2260014.5526634566 0 0 0 0 0 0 0 0 0 0 0 0 0 0 0 0 0 0 0 0 0 0 0 0 0 0 0 0 0 0 0 0 0 0 0 0 0 0 0 0 0 0
0 0.010687915692027872 0.08156582600975071 0.13605107762816715 0.05218035205218996 0 0 0 0 0 0 345.0532548427582 705.9610682725906 23647.01200296533 7748.642504931857 609823.7441170167 495345.431234458 216106.63000453828 215391.34135880502 238810.3564784541 264440.2437473937 1015978.908232619 1796411.8782361993 3295345.9791626227 3602321.8263432514 5256070.562879292 639907.5380464469 3250990.6162726246 1180193.7293165128 4903027.731587479 13768709.011664089 2113973.2637939695 0 0 0 0 0 0 0 0 0 0 0 0 0 0 0 0 0 0 0 0 0 0 0 0 0 0 0 0 0 0 0 0 0 0 0 0 0 0 0 0 0 0
0 0.1385376023692757 0.19897655525803515 0.10648655935548845 243.53580608963364 0 0 1572.035136234481 0 2124.1027194692288 0 0 1646.5573739530519 5297.328703822102 6271.794514393577 35831.81860695747 117060.283132781 422907.0326583 489317.3122074843 551147.6363586746 1703946.6532759536 1300981.5915943007 1547369.2776239468 2821756.1024035756 1909877.1505183494 7998319.21356563 3929.2023483674275 0 0 19382.4570466578 3353760.2190683736 2610875.0416630046 24491.954693513922 0 0 0 0 0 0 0 0 0 0 0 0 0 0 0 0 0 0 0 0 0 0 0 0 0 0 0 0 0 0 0 0 0 0 0 0 0 0 0 0 0
0 0.1019868494992977 0.148499325611553 0.09083745009614574 0 0 1104.972284654039 0 0 0 3089.142515170024 873.9198979111388 207.46192979812622 3085.279513985028 5626.181931613837 6325.938462908783 63096.77535383874 413134.5882943826 4303774.864283079 1181183.5206468538 585473.1786643286 2140931.232419704 1563311.1926701341 690302.0907995811 997902.7528013994 707752.4680539366 0 0 0 0 3039615.0617158 3380659.8378054206 248907.3587961546 0 0 0 0 0 0 0 0 0 0 0 0 0 0 0 0 0 0 0 0 0 0 0 0 0 0 0 0 0 0 0 0 0 0 0 0 0 0 0 0 0
0.0007998944512195294 0.0790989772036248 0.14531798569055 0.04061154432763203 0 0 0 0 0 2926.314592955401 2.833863090199884 0 0 1077.208567448087 217.31786770025744 5595.757524840828 13900.782259700221 311140.9676615173 941926.1228888446 1345849.0871355722 554453.9169361682 1945422.3721874454 892184.1645440024 909298.8216158708 828639.8324171539 1907159.7982851288 0 0 0 1066.3913448941894 839849.9973640537 2959494.508416122 13602921.422398765 0 0 0 0 0 0.03542622853274224 4485.342132921829 12.717485722154379 0 0 0 0 0 0 0 0 0 0 0 0 0 0 0 0 0 0 0 0 0 0 0 0 0 0 0 0 0 0 0 0 0
0.008492279727185803 0.14413557141492106 0.10555466984632744 0.03363890974947026 0 0 0 947.6458720713854 0 0 0 0 0 0 1040.201339780353 1352.9167184234204 127293.62615193662 143010.0803839999 1204827.3798164278 3379629.6945215 1476508.1373611053 2431585.377314965 2177902.1268081153 914328.6091514048 1360299.6316701784 1512706.884543054 0 0 0 2161441.317638588 553696.3086955971 1270799.014418682 10208111.641698077 1099839.9954272807 0 0 0 0 0 30499.90777569072 7.509661841613706 0 0 0 0 0 0 0 0 0 0 0 0 0 0 0 0 0 0 0 0 0 0 0 0 0 0 0 0 0 0 0 0 0
0.017656343904413063 0.10803317200557672 0.18263048389835745 0.04971239360014579 0 0 0 0 1047.8240565287415 0 0 0 0 273.13460424542427 0 755.1675189614166 12876.72076488448 158709.63798674798 736695.9582979112 11028403.266877227 2329069.362271219 1300398.771269225 2970302.998176231 2651083.447533325 1038006.2002923808 969047.2471072165 0 0 0 1651338.7534411498 79682.0189744906 621133.0414583916 6749227.804297831 4090250.079664916 0 0 0 0 0 0 0 0 0 0 0 0 0 0 0 0 0 0 0 0 0 0 0 0 0 0 0 0 0 0 0 0 0 0 0 0 0 0 0 0
0.03305759991211232 0.10933506849121244 0.16501894769045222 0.07136593464173302 0 947.9683077736336 0 0 24.43933687917888 0 0 0 0 193.811096906662 0 161.0764633446379 8512.42314823206 152054.92570578397 770845.9137826061 3256205.8071368528 4623669.814428694 4005895.5901397555 2039617.0674135098 7144508.622461056 1342027.352881248 680770.9972023077 0 0 57031.86129154265 34594.93344512954 0 137140.90223319829 1024152.1186325811 2621663.4797456786 3707900.1300714407 0 0 0 0 0 0 0 0 0 0 0 0 0 0 0 0 0 0 0 0 0 0 0 0 0 0 0 0 0 0 0 0 0 0 0 0 0 0 0
0.02732011720927119 0.08746454801923598 0.15831694272065988 148.00996937411264 0 0 16.856429608538747 0 0 946.3149819425307 0 0 0 0 94.51848187627184 65.84065929481949 19919.209319090696 38214.66325894052 246222.48901572463 6951204.051877791 3684240.52627961 1264454.5827127227 2648857.2320521474 3604670.0491114436 1234909.9262990477 1652722.583823591 5010625.477215294 65.45961558073759 3353360.9855513545 83860.69448860222 0 360.1750353574753 248126.28662590683 105281.99133379385 1237973.6130482834 865291.2279190551 0 0 0 0 0 0 0 0 0 0 0 0 0 0 0 0 0 0 0 0 0 0 0 0 0 0 0 0 0 0 0 0 0 0 0 0 0 0
0.053720142498626444 0.06155366178183996 0.08303440005990126 0.04811856232713119 0 0 1637.8205723520368 621.3573818402365 0 0 0 0 0 0 1652.2240437801447 3745.30574115349 69970.63045247365 206158.80819665774 1672250.9006821793 4122110.9631565292 4849661.414071813 1278942.7333639436 5360196.870032961 2630874.749275855 1199250.5157849346 3919131.406933132 4891323.308412811 5369432.708293309 1686723.972902475 205047.78296136623 76376.90931224078 0.12556642293930054 0.4371387637220323 108351.15977990627 155251.34918257594 1274908.6384214903 0 9.050139963626862 47003.08383563161 1404094.6454957891 4874169.947319113 2289586.9327312782 1153048.4232360888 0 0 0 0 0 0 0 0 14.430217838846147 0 0 0 146.2831906490028 0 0 0 0 0 0 0 0 0 0 0 0 0 0 0 0 0 0
0.04882768017135852 0.06254331670952595 0.07536209369940394 0.019202970728185775 0 1762.7885971069336 0 0 0 0 1111.385380988475 1801.9111004397273 924.0699380709557 1373.6609149128199 7751.6965327708585 2492.4336031791836 131044.1318795029 115884.29952987793 6591684.839145223 2775221.617965726 2083617.6727109456 1905695.4544191349 4176778.5863130316 1425819.0184018286 0 0 57546.3180853473 8676.688201632816 278796.9706314285 1346141.930598978 605459.9819602072 1024.352202813141 0 0 30268.58265307173 1929735.52073107 1233.8462663516402 549.2288828659803 1451483.3626295552 6358810.897121586 3242044.322553009 1045925.7981413305 2297253.7319291644 2410043.992039053 284818.50952829607 0 0 0 0 0 0 0 0 0 0 1024.6249944120646 0 0 0 0 0 0 0 0 0 0 0 0 0 0 0 0 0 0
0.04677909950150294 0.05815414943930364 0.09751958237893277 0 0 0 0 0 0 1551.117392912507 1519.833608865738 1909.1006365157664 500.96967765688896 353.78175152558833 34.6331680954861 908.2178142260198 11202.849840565019 129422.13336468508 2053235.057748544 2443714.7790904464 7779321.590128976 8851689.974851038 2150285.5042541865 309752.722527356 0 0 14293.503863099962 307510.20513877645 13744.3163583274 3236676.9491217993 2342538.5677182786 42730.81557635963 0 0 1222564.8187962472 2719288.0254520997 6600888.720635224 8374110.885455633 3731463.902859822 907181.3530243374 66735.46557475626 96984.0792507655 1098556.974828422 1058758.5633228123 5739149.952890629 8809100.285856165 54067.034827069845 0 0 0 0 0 0 0 0 0 0 0 0 0 0 169.02827636558504 136.9768359578884 2.239963530213572 0 0 0 0 0 0 0 0 0 0
0.0437297842204174 0.04581335866049585 0.05809277269170465 0 0 0 0 0 0 0 0 0 0 0 0 12726.138799511249 5775.696696256048 1505945.066111612 3650477.6942068753 2939000.7191698416 25024001.22487577 314277.6240619287 469.20694160461426 0 0 0 0 331.53284105844796 5752.850743889809 681605.0373137535 1752262.5057469085 0 0 0 6206675.043366246 3691686.779939249 3531568.534065455 16624099.312725067 685950.5855660662 62315.26607410237 37830.14835444838 465610.8225421151 79091.21952194169 573601.369880301 898561.3902415633 2077213.5148829557 264433.0635415013 114.61538085341454 0 0 0 0 0 0 0 0 44936.088559538126 95774.99277365487 86934.44439072302 233257.0567430067 6885.421415816178 6130.801208636825 8509.784952406946 3592.1150216140377 635.7495965699636 0 0 0 0 0 0 0 0 0
0.045833893493089306 0.07634448474356503 0.0074729350666089545 0 0 0 0 0 0 0 785.3037867434323 0 0 0 0.14829901447888005 53.59485512141913 160850.1225909594 1576565.9242244707 1494345.3025511077 7256789.966532995 2034325.9280705396 0 0 0 0 0 0 0 296.1915008830838 91647.11550010927 13888564.494354652 9291.824788622558 0 749308.6986356378 5242600.199429454 3789341.54463372 3609766.554708183 331908.34416261315 226001.93224817514 44295.59282650659 38412.817605772056 231433.46162485104 156692.559318188 91606.55639679503 47130.97884069092 1265802.999442786 440159.1129805632 1461803.9092160817 0 0 0 0 3870.7283381094458 616759.5083947377 1449102.0960462317 1176072.3192442171 2518209.2235114337 1273542.117243493 1219846.481887009 121625.67391111539 97934.81877270679 17786.946603705408 42959.19824089593 48275.66856604868 3229.416414409672 28.493190861219773 0 0 0 0 0 0 0 0
0.04532642036627976 0.0889630446905123 75.80327606201172 589.3953333760146 0 0 0 0 0 517.797800719738 424.24456426501274 1181.3406033637002 0 0 1.4080802700436834 0.03882239248196129 170571.60824272272 436401.338619647 1000488.6384085644 4281128.930534642 10967.367145964876 0 0 0 0 0 0 0 0 5865.594236776233 10362737.622474022 0 0 553465.8483745521 3774814.401747767 2112072.60427317 298481.8218568042 51302.43114705384 75507.31272309383 57978.6332037473 28902.500586444654 283565.3130436477 56869.34075483843 101733.00499599296 42101.09869155254 284691.9452699609 1335298.1082610134 711093.1700567877 557486.6934526385 63271.909172047395 418761.8383673569 31564.367295347853 295937.16735668574 221457.35344706848 966885.5050780941 9225946.030374315 89902.2754791181 140140.02525344735 43031.14518629346 15755.008544476179 16024.377779528731 14893.07512978674 11717.647070301115 108258.46782013109 135182.75671233254 1119.6318756209803 0 0 0 0 0 0 0 0
0.06356470521204471 0.06023875577644944 0 106.76470239990158 0 0 1062.9080472679343 0 0 7623.577001354191 0 0 2679.736313339323 0.9659998384341506 4058.5299985229553 239.5221129126213 156432.6151691967 188175.04053373588 270887.97870038514 0 0 0 0 0 0 0 0 0 0 0 1424293.443516744 0 0 189503.36864358047 7680442.931455256 622487.4969408214 219373.7967501916 91648.41774644516 30066.096997397122 28272.79039723149 70522.04769179392 13387.885155516597 20283.71438728469 123668.9763946011 714050.6671215929 34093.31701836642 646144.3123860098 2899165.4032776104 102421.67089213105 202697.13623478753 98548.10758328578 7122.749836945441 59650.80526769138 109071.04004290793 2173833.7932069227 321013.67332562804 33127.80751348802 760296.4743127106 15723.869939506054 3077.5092878899886 259871.9133254474 144055.36917817325 28356.97680439544 7227.384619323886 94517.52722872162 68491.84287454517 0 0 0 0 0 0 0 0
0.044847856792799234 0.03291649120427209 0 58.86485821008682 0 0 0 0 1621.6744540408254 0 0 986.14295514673 0 1423.4677658371638 8276.730402562476 35993.66200630363 89371.98409497376 339974.4927529472 235779.48490658193 1516.9360038982704 0 0 0 0 23686.70535683632 0 0 0 0 0 3192136.3236745396 17469.758115947247 0 470.414955008775 4220035.723882668 396945.5163066294 48821.06600031257 13969.4915391393 9045.348803780245 30393.124496808872 73800.33456790686 40077.21062112746 15926.849942738387 29446.13107148954 267052.1313808173 29836.22216182048 190812.94338184595 2126179.474690806 1109679.6049237922 287512.58674298413 1011565.6278471933 1647003.3887480749 907279.537491817 328464.31696844497 470794.4983569104 192095.2407205766 21442.769124015234 43873.07101439487 47123.15262635256 282032.4410258316 2293.5587051657058 12299.255166380724 200.55128098581918 0 1144.6340135300998 1943.4950616624556 0 0 0 0 0 0 0 0
0.04871547199483928 0.008844338072201197 0 0 0 0 0 591.7689357739873 0 0 0 0 0 18.118916751197958 631.5708035286516 4722.252887894061 39976.9715808196 317209.9738562241 632985.6851980358 0 0 0 0 0 43159.47997855395 0 0 0 0 0 143541.89494227618 82084.78120441735 2.952567271888256 0 3452188.398452267 1626692.1415454177 26155.431594202295 18726.320312846467 14158.010086420494 17940.79694239953 60825.75207084314 91415.50977325054 104305.56526226742 607163.0495464768 238699.90806302655 67362.99089831462 105811.86327969772 2799561.9695097767 280407.14759738743 686312.4709637612 358281.21946904063 150847.85096256994 686592.98092735 344332.5749898093 2670192.459130183 261622.0824066 359614.1480846759 58393.570359670906 93084.5464440973 5774.86817556445 0 0 0 0 4.5342901749536395 1802.4964517964981 0 0 0 0 0 0 0 0
0.0175779892097494 0 0 0 0 0 0 0 0 0 0 0 1373.8396891914308 942.2955655753613 11.07674807147123 2590.8883358839594 11.61091401993508 77954.598420855 34503.25426997847 0 0 0 0 0 0 0 0 0 0 0 0 547887.3057651706 668211.6545575559 214505.41585683078 1541941.4276472367 823362.7401573379 116433.34864165797 87143.37838868726 467419.34057836403 11361.78461504828 124531.16222320449 113371.32499022756 53769.09007243873 98010.90334351282 575937.218023954 92967.0705331158 44385.071983451955 172550.75738719804 12901.692880595103 25929.554223220795 84290.43645137921 139709.7554037124 266185.40678243013 284415.1476585817 2793343.794391784 660507.8512991867 239069.47234247113 482208.0906249841 11760.400221122458 0 0 0 0 19.65388477671877 0 0 0 0 0 0 0 0 0 0
0 0 0 0 0 0 0 0 0 0 0 0 0 1652.53947378695 9582.420943655667 1875.1673802312598 20178.13803955247 99368.74274643393 5.429567541723372 0 0 0 0 0 0 0 0 0 0 0 0 0 0 289431.46322596073 535.4926335960627 101415.76770053059 54741.33428382984 63002.83025213133 70183.59826008193 12725.741594127334 2623556.9135590456 172910.66024505644 26350.979028736514 58593.42946841997 113418.91151614283 184652.74478474344 112758.80685567753 56201.738119898015 15792.829309868626 61133.72151838918 56125.48410061002 436179.9716588678 1180236.5889630015 438314.1096561202 908751.698815512 13504005.626822911 479386.87987724086 213816.57665306143 0 0 0 0 0 513.095509132987 0 0 0 0 0 0 0 0 0 0
0 0 0 0 728.204166829586 0 0 0 0 0 0 0 0 0 984.6622240670982 10151.422534039448 45539.72263542616 2486.1359649134224 0 0 0 0 0 0 0 0 0 0 0 0 0 0 0 0 0 0 624141.6681536357 3623.6168062489014 1191.6199124883278 4101.1002604439545 348878.5290892121 33666.50002320134 11074.639555714763 35579.21377940077 80038.92161689472 125792.44679746155 497724.15507015615 18382.595225522775 204966.05280668102 121887.70116388341 583402.075065285 4394718.057327254 193831.78407340182 536066.2353266199 658739.8523916737 4996836.084509897 307280.3259164419 790223.8173317998 0 0 0 0 0 2147.708772367754 0 0 0 0 0 0 0 0 0 0
0 0 0 0 266.2511065006256 1835.7736136764288 0 0 0 0 0 0 0 0 1240.4085939456659 9256.1295886856 71760.04647227122 28439.837836365346 0 0 0 0 0 0 0 0 0 0 0 0 0 0 0 0 0 0 543629.6646464346 55310.544706818415 4524.552436413827 4657.397771252263 631080.245416738 228860.92307726986 31275.76584671927 47973.889456685625 396065.34290891513 359628.0693157185 1175361.4023973262 326698.4222175634 1004244.5286022597 970435.1027142303 723200.9150446914 2376821.594065558 1812639.4088559933 516718.8306857772 210230.49991944022 2129198.623880617 0 0 0 0 0 0 0 0 0 0 0 0 0 0 0 0 0 0
0 0 0 0 0 138.99801927804947 2206.9731935709715 8258.40702599287 5044.741356372833 3.8845510482788086 0 0 0 0 0 0 49964.25193652771 272329.4340127952 0 0 0 0 0 0 0 0 0 0 0 0 0 0 0 0 0 0 126250.74447748717 195290.4407492153 14674.980208985056 87377.63143943102 292070.7590352462 62739.390095203504 76654.01223867002 4427.1811697147305 21964.818998897776 81697.54790154727 183995.4614290528 189989.37580789893 123594.23556290753 281003.5269747119 1568817.5838400815 1809965.2403440622 1902397.204666374 1147848.2938699834 922590.0917049211 55753.249053615786 0 0 0 0 0 0 0 0 0 0 0 0 0 0 0 0 0 0
0 0 0 0 0 0 5860.856135934591 1893.5612743496895 0 18074.222964644432 0 0 0 0 0 0 0 0 0 0 0 0 0 0 0 0 0 0 0 0 0 0 0 0 0 0 0 38979.91226270879 83518.89328239717 885045.0391930463 298692.15420601936 209397.6640058531 642630.8546265024 243514.09351534545 115919.3281096063 72702.05993476964 208951.10447055782 737283.7795651713 753410.204000581 2331063.6086887517 3064381.2497726837 1509047.8736873977 1191643.5403027127 6165123.957718501 34445.19364030461 0 0 0 0 0 0 0 0 0 0 0 0 0 0 0 0 0 0 0
0 0 0 0 0 0 0 0 0 0 1696.7261821231805 0 0 0 0 0 0 0 0 0 0 0 0 0 0 0 0 0 0 0 0 0 0 0 0 0 0 0 1.960665225982666 1010761.241734867 3321212.3136848453 939979.5121570607 593087.3296515457 293500.9026297312 706185.1352287047 183653.9731884427 4549256.477615067 3788890.560458981 2017923.930182886 5141338.986767642 1942262.0832085935 6219340.875204162 3173510.0019341554 109937.48854970373 0 0 0 0 0 0 0 0 0 0 0 0 0 0 0 0 0 0 0 0
0 0 0 0 0 0 0 0 0 0 5178.816509544849 0 0 0 0 0 0 0 0 0 0 0 0 0 0 0 0 0 0 0 0 0 0 0 0 0 0 0 0 598189.5179191111 903475.495546984 1071327.6025468307 535828.7816177085 69293.28351269313 78976.12194955545 266779.4788850085 647026.7044147373 386067.26224895194 1170242.4469749043 4307024.483011881 31881729.71156301 750.3130807951093 0 0 0 0 0 0 0 0 0 0 0 0 0 0 0 0 0 0 0 0 0 0
0 0 0 0 0 0 0 0 0 0 295.8264144361019 1808.4370089024305 0 0 0 0 0 0 0 0 0 0 0 0 0 0 0 0 0 0 0 0 0 0 0 0 0 0 0 1547.029982805252 2771823.9200534 1703580.091525233 408132.84730438574 143177.3180911622 227740.4173644883 543592.0642848342 513283.7097536939 899547.1362137472 7426146.338329554 3310257.342714053 3989573.7962463433 0 0 0 0 0 0 0 0 0 0 0 0 0 0 0 0 0 0 0 0 0 0 0
0 0 0 0 0 0 0 0 0 0 0 0 0 0 0 0 0 0 0 0 0 0 0 0 0 0 0 0 0 0 0 0 0 0 0 0 0 0 0 0 679004.2361330232 2422352.6470953915 645774.7819769764 381445.3159733531 541707.5330947237 757750.9922858431 881715.0194434952 823107.5437014597 2563662.9466639822 4943735.286816984 10637934.02613318 0 0 0 0 0 0 0 0 0 0 0 0 0 0 0 0 0 0 0 0 0 0 0
0 0 0 0 0 0 0 0 0 0 0 0 0 0 0 0 0 0 0 0 0 0 0 0 0 0 0 0 0 0 0 0 0 0 0 0 0 0 0 0 633120.4102856263 1921590.8178831465 1616742.3525439487 1199424.1467546145 1108689.7913080286 1393874.870264702 1600626.7389486302 981350.0980472459 3235177.5893758917 1049614.6433952767 0 0 0 0 0 0 0 0 0 0 0 0 0 0 0 0 0 0 0 0 0 0 0 0
0 0 0 0 0 0 0 0 2623.664235033095 0 0 0 0 0 0 0 0 0 0 0 0 0 0 0 0 0 0 0 0 0 0 0 0 0 0 0 0 0 0 0 54612.74069947004 5698102.471453436 2043406.709908735 1544902.9849560526 2844676.318885179 5886554.858397184 241701.9792925897 183659.13928883616 0 0 0 0 0 0 0 0 0 0 0 0 0 0 0 0 0 0 0 0 0 0 0 0 0 0
0 0 0 0 0 0 0 0 573.102376461029 0 0 0 0 0 0 0 0 0 0 0 0 0 0 0 0 0 0 0 0 0 0 0 0 0 0 0 0 0 0 0 0 370261.0115519343 4827520.553651085 7768657.362241432 1013026.902100352 0 0 0 0 0 0 0 0 0 0 0 0 0 0 0 0 0 0 0 0 0 0 0 0 0 0 0 0 0
0 0 0 0 0 0 0 0 0 0 0 0 0 0 0 0 0 0 0 0 0 0 0 0 0 0 0 0 0 0 0 0 0 0 0 0 0 0 0 0 0 0 1168576.9892917909 2453340.4467560723 0 0 0 0 0 0 0 0 0 0 0 0 0 0 0 0 0 0 0 0 0 0 0 0 0 0 0 0 0 0
0 0 0 0 0 0 0 0 0 0 0 0 0 0 0 0 0 0 0 0 5132.300184571621 0 0 0 0 0 0 0 0 0 0 0 0 0 0 0 0 0 0 0 0 3370.2397374510765 0 0 0 0 0 0 0 0 0 0 0 0 0 0 0 0 0 0 0 0 0 0 0 0 0 0 0 0 0 0 0 0
0 0 0 0 0 0 0 0 0 0 0 0 0 0 0 0 0 0 0 0 0 15167.797159728478 0 0 0 0 0 0 0 0 0 0 0 0 0 0 0 0 0 0 0 0 0 0 0 0 0 0 0 0 0 0 0 0 0 0 0 0 0 0 0 0 0 0 0 0 0 0 0 0 0 0 0 0
0 0 0 0 0 0 0 0 0 0 0 0 0 0 0 0 0 0 0 0 0 79552.92508675455 0 0 0 0 0 0 0 0 0 0 0 0 0 0 0 0 0 0 0 0 0 0 0 0 0 0 0 0 0 0 0 0 0 0 0 0 0 0 0 0 0 0 0 0 0 0 0 0 0 0 0 0
0 0 0 0 0 0 0 0 69.15554887941107 0 0 0 0 0 0 0 0 0 0 0 0 145602.96482179133 5697.789699891233 0 0 0 0 0 0 0 0 145489.23074935563 43478.09962284565 0 0 0 0 0 0 0 0 0 0 0 0 0 0 0 0 0 0 0 0 0 0 0 0 0 0 0 0 0 0 0 0 0 0 0 0 0 0 0 0 0
0 0 0 0 0 0 0 0 9387.23976189956 27493.798469757836 0 0 0 0 0 0 0 0 0 0 0 0 0 0 0 0 0 0 0 0 0 45621.982187051326 311800.61125028506 0 0 0 0 0 0 0 0 0 0 0 0 0 0 0 0 0 0 0 0 0 0 0 0 0 0 0 0 0 0 0 0 0 0 0 0 0 0 0 0 0
0 0 0 0 0 0 422.18999671936035 0 4017.5377718127274 274866.0168881585 0 0 0 0 0 0 0 0 0 0 0 0 0 0 0 0 0 0 0 0 0 0 0 0 0 0 0 0 0 0 0 0 0 0 0 0 0 0 0 0 0 0 0 0 0 0 0 0 0 0 0 0 0 0 0 0 0 0 0 0 0 0 0 0
0 0 0 0 0 0 0 0 30523.10173994844 2890.7368910218793 0 0 0 0 0 0 0 0 0 0 0 0 0 0 0 44341.822319328785 13077.166808519512 0 0 0 0 0 0 0 0 0 0 0 0 0 0 0 0 0 0 0 0 0 0 0 0 0 0 0 0 0 0 0 0 0 0 0 0 0 0 0 0 0 0 0 0 0 0 0
0 0 0 0 0 0 0 0 4179.529636739433 1139.3410949548706 0 0 0 0 0 0 0 0 0 0 0 0 0 15885.385572453495 252818.53476274386 75069.27402883023 1085395.468552757 0 134267.65091765078 158967.8843801336 1361304.3846071716 796199.0668182271 10183601.416743457 2866615.770149432 20689.761431653053 0 0 0 0 0 0 0 0 0 0 0 0 0 0 0 0 0 0 0 0 0 0 0 0 0 0 0 0 0 0 0 0 0 0 0 0 0 0 0
0 0 0 0 0 0 0 0 10480.583398625793 1567.2333937055664 0 0 0 0 0 0 0 0 0 0 0 0 0 0 0 90959.00358415581 1094861.5481397964 43373.67843723844 3136.6211816840623 5888.034901461125 35067.39660119824 1075247.3763983473 1769686.2565083504 3359108.8350524604 1609791.969372496 0 0 0 0 0 0 0 0 707.6074550040066 0 0 0 0 0 0 0 0 0 0 0 0 0 0 0 0 0 0 0 0 0 0 0 0 0 0 0 0 0 0
0 0 0 0 0 0 0 0 71.41137762658764 0 0 0 0 0 0 0 0 0 0 0 0 0 0 0 0 104187.76012369897 315080.0450921226 2060.7775871708645 55181.0139448714 47623.466617928934 50199.88586850278 796323.9547785819 1441061.8011859655 1226598.556405425 4835871.1749173105 4695084.774553455 58545.8390468359 0 0 0 0 0 0 0 0 0 0 0 0 0 0 0 0 0 0 0 260.0596925355494 0 0 0 0 0 0 0 0 0 0 0 0 0 0 0 0 0
0 0 0 0 0 0 0 0 0 0 0 0 0 8605.199813433457 213251.79573843442 37387.6273929663 0 0 0 0 17971.751060277224 387287.50554023683 0 0 399866.09999694675 2044921.7563862558 100548.72468367664 1778.1069336518412 390.347932767123 1425.7467592102475 17878.219750552904 373023.25466947816 1586824.2000828981 1173852.7418234013 1429929.2416752577 2971777.638322592 2847166.1833457947 0 0 0 0 0 0 0 0 0 0 0 0 0 0 0 0 0 0 0 0 0 0 0 0 0 0 0 0 0 0 0 0 0 0 0 0 0
0 0 0 0 0 0 15.195699326883187 0 0 0 2206.578231869731 0 5953.513182272669 524716.8331924859 1602981.2371852028 474732.8300304357 0 0 218953.72131519392 3994321.6425530096 4372845.205555288 3765926.7152935355 110736.49780286156 6559722.261569738 5286924.999598384 956849.352652654 81248.39177510893 784.788562437694 733.0698441001587 875.0766602004878 1224.749291789718 265770.1836670926 870249.3114037514 7126131.626413375 1883561.665961504 2698138.792117715 2576121.070664093 442356.0800245628 0 0 0 0 0 0 0 0 0 0 0 0 0 0 0 0 0 0 0 0 0 0 0 0 0 0 0 0 0 0 0 0 0 0 0 0
0 0 0 0 0 0 0 0 0 0 51353.10337319525 1833.8098635522183 79753.69359859603 1733062.0935295927 2906360.8920272263 262901.74047819385 704.2072856277227 0 512618.3809816465 1388329.5893908092 894413.1475220228 3290490.4931748477 4642747.118950958 7820580.674496233 2750907.621693462 268572.5492988266 10946.770130780526 8119.51145153353 5285.108043971006 2202.0209674034268 1868.6263390425593 141546.12056436576 1483477.7865047306 3693753.0970077515 3551913.731931448 2538625.162008494 6555592.987523913 644004.2825341821 0 0 0 0 0 0 0 0 3049.65191924572 0 0 0 0 0 0 0 0 0 0 0 0 0 0 0 0 0 0 0 0 0 0 0 0 0 0 0
0 0 0 0 0 0 0 0 0 0 0 48009.09231200116 584009.1506499692 4242990.827363534 2155049.071670833 4042849.1894824225 1471990.0103690922 125567.76365100592 74765.12587851286 2437795.6383370943 9124672.129921619 2758979.2907925043 3082097.5581106767 3449781.5906734914 674696.1851683035 7006.107688501477 3039.317891135812 13322.113600680605 8542.697811640799 5635.472548989579 6792.417297452688 700127.6216191426 2508117.528336346 3209362.415933907 3753670.118033044 2071484.5920075625 9524188.607870907 1033.461025238037 0 0 0 0 0 0 0 0 0 0 0 0 0 0 0 0 0 0 0 0 0 0 0 0 0 0 0 0 0 0 0 0 0 0 0 0
0 0 0 0 0 0 0 0 0 0 1565.776279435595 26916.416202199616 692199.4427429214 3209343.01526735 19801294.839322615 6872768.350323191 2557858.543048377 3112880.299373088 682068.9239609959 3894152.694955526 529236.193770051 2685833.4545723572 1941066.4749381058 1935966.027049914 337962.99149445165 53536.76906882599 23969.64263552986 9393.180348940194 8753.925314851105 4759.634847376496 18934.320918936282 282552.98891356215 1530358.5439334065 9236580.729416132 3101426.482172072 2886885.587702006 11443084.322165012 1421028.6066243649 0 0 0 0 0 0 0 0 0 0 0 0 0 0 0 0 0 0 0 0 0 0 0 0 0 0 0 0 0 0 0 0 0 0 0 0
0 0 0 0 0 0 0 0 0 0 24.903046532301232 77.32179897883907 0 129839.53170966171 4819571.982726 18190222.88101154 3536372.967373062 3107700.5167725086 3150663.9525927827 1645412.883779712 3847947.079227645 2688555.530182492 6575641.835143186 941845.9459441602 133120.95517672785 144997.65100301057 285783.02520500124 12163.45968817547 10608.917357102036 12613.494021127 63692.92421714589 561186.1444647312 2014882.7659963965 3654912.263508737 5060939.74677828 3352521.2570367903 14835508.797451675 0 0 0 0 0 0 0 0 0 0 0 0 0 0 0 0 0 0 0 0 0 0 0 0 0 0 0 0 0 0 0 0 0 0 0 0 0
0 0 0 0 0 0 0 0 0 0 0 0 0 0 398424.5313601522 5747746.703639392 15444958.940092921 1943889.3407351375 2625488.0692658275 8251890.094885046 1855686.7917132103 151137.3045443222 10954107.924362108 1690252.1674809754 45179.18069854379 70261.01407255512 70672.798947528 6973.202577635646 3346.2945575527847 13027.718088261783 77925.86456011981 56669.497312016785 1594875.7281969488 4311464.941325188 3181170.484005451 5131165.668685913 23721235.508364677 0 0 0 0 0 0 0 0 0 0 0 0 0 0 0 0 0 0 0 0 0 0 0 0 0 0 0 0 0 0 0 0 0 0 0 0 0
0 0 0 0 0 0 0 0 0 0 74666.27913135849 541185.286055658 0 0 6363210.356739685 14630979.532433845 1832765.9727899935 4239343.418915227 5005406.562816201 1515109.1123784482 120888.2540726848 0 7023701.204634283 1116289.0489915311 645190.5940299667 4295.2131584733725 5484.197901076637 3527.4396874364465 121613.73157867603 6941.614880856127 9824.224849641323 96820.78581277281 3074171.8401368856 8652508.467040062 3257940.52237916 20191589.613923103 8287202.87754786 101291.32586073875 0 0 2.6119697093963623 0 0 0 0 0 0 0 0 0 0 0 0 0 0 0 0 0 0 0 0 0 0 0 0 0 0 0 0 0 0 0 0 0
0 0 0 0 0 0 0 0 0 56069.04664819129 241388.36058637407 449106.02268891153 62006.45748062618 0 5168912.995686736 17313933.90555954 6145431.078339051 6431300.230136191 5006073.1735782325 1035900.042201139 0 3254.8330291956663 8134222.980771046 1692601.2734195925 88859.53290473949 9070.573931479827 5706.355269301683 5872.719280293211 13605.916097112 14345.667313907295 103731.67957311869 336835.7449913323 4790962.820927143 11398728.45293659 7828478.138428092 13546025.918742418 32474909.232882977 10640426.23546946 8502.036254882812 207938.31300525367 5311.79327249527 0 0 0 0 0 0 0 0 0 0 0 0 0 0 0 0 0 0 0 0 0 0 0 0 0 0 0 0 0 0 0 0 0
0 0 0 0 0 0 0 0 0 87614.98671388533 77854.78670350078 299970.862570381 661609.807430923 1778340.6060207752 6417683.720627023 9025029.984472103 11394151.579467103 9787268.074401453 8288696.925949918 370710.1288100533 1531230.7660028187 406336.6186239086 4028807.2023831904 1060727.2803337425 9998.510591239668 14146.106062921695 26059.104771276936 24905.019610513 5122.486768538132 6748.8428021948785 73667.11511326581 309711.1839980334 3156922.560066223 23842377.346870422 11700107.7843028 8103639.861775458 10559524.99029541 10697429.730525058 292825.8410623893 1329765.2140263766 11561.356579395942 0 0 0 0 0 0 0 0 0 0 0 0 0 0 0 0 0 0 0 0 0 0 0 0 0 0 0 0 0 0 0 0 0
0 9.44782896857214 127.18315389881172 0 0 0 0 14.123167801648378 9305.276465807576 389111.3741631196 261196.514792279 2193405.7793699168 1195730.8227132084 2125875.564511041 5776469.352864813 4380688.506962717 8526876.295553088 3591275.274592766 10472589.141581587 993503.7251000935 0 224970.78519935906 6313666.64776707 1867488.4273595288 169897.20712464675 21860.55943705514 16143.289664953947 32113.206063479185 7476.434210756794 3241.3212236464024 6161.913902826607 8537.91900729388 414564.4625017345 6677418.649643421 7852353.05602783 2881580.316486597 5346882.72393091 6102657.159542471 1332852.3959464282 172375.99553639442 209110.16118566692 462908.4747277852 0 0 0 0 22968.451281309128 6256.252403173614 0 0 0 0 0 0 0 0 0 0 0 0 0 0 0 0 0 0 0 0 0 0 0 0 0 0
0 22.3988665584111 332.93928152708395 4.067310116181034 0 0 0 15922.400960174156 65006.35693231935 26000.8543350962 37202.518885089434 423093.954927437 1390490.7141570263 3628066.4443225097 5692910.454357393 5566953.8160489015 4287989.280515989 3421710.762049675 3122353.8756120782 8134249.306980072 620687.3784470942 2266864.692565475 7971.563611867488 1190318.133507967 2061534.479216054 24986.006628006697 114588.29856911302 40639.16071675718 5953.381703460589 4340.84167393297 5873.415928635746 25175.18684304133 443592.2105475366 4384537.374622345 7328017.306571603 3350232.523118615 684084.420808509 733266.0777074099 231775.49711626768 315100.4181422889 834575.7186257243 2492883.964148335 1611673.9424285516 17240806.83944376 472312.80857316405 1328872.2873850875 1999403.4178729132 147983.31009052915 11519.800749917602 175.73157809391296 0 0 0 0 0 0 0 0 0 0 0 0 0 0 0 0 0 0 0 0 0 0 0 0
0 22.432288515177788 432.8899837971694 145.50978238291282 0 0 2765.1596443643793 112979.84169283183 24007.82877275918 95864.99893957976 159460.0341250021 901503.2050287402 636528.6957265087 473377.74047858734 2266330.56666746 6067687.355406366 3170736.331957303 4732147.938938538 1023692.8667655871 1449497.3266426804 6293331.553334513 2987244.7807354685 900979.5103960849 0 778865.7763916068 54693.71978521347 203790.23580506444 32286.693840011954 10310.550138546154 9375.090562984347 5364.883881827816 23709.69384355098 637899.7509334385 4116304.3973850533 4484856.871604085 2300095.1119475365 899591.4403897822 805740.8568931818 159931.80879372358 297814.8836044669 183563.2062405683 10083276.09653807 1248392.179822266 779847.9301720038 1668038.7153647244 2686548.2409252822 1145878.3930574656 1607200.7781236442 48510.760920796485 117359.59620677723 98380.00194942718 12773.185897328085 9.627488998046559 0 0 0 0 0 0 0 0 0 0 0 0 0 0 0 0 0 0 0 0 0
0 59.787066095312184 492.6558819393904 129.16543066048325 0 0 24135.571539162425 60078.143278011325 9899.371533349185 60789.43133430986 385989.6859235489 3155274.7213466032 190762.19062934048 772291.203403864 3692026.180341147 4696301.207040012 7442488.173895322 2647031.595395729 2626274.379923016 488511.78059649654 3886135.149226551 551260.1664037775 0 0 116242.67973481119 26436.920314624906 12916.541789159179 11214.474852312822 9474.336948916316 27125.646843202412 17414.517709463835 38139.56035271287 204099.6707766652 930430.6786108017 726262.3347602189 2418974.416856885 614106.4701726884 663194.7836766541 809922.8899808973 1235823.787835002 1263120.4791676141 1857825.028490156 1216979.6153533459 870539.5953568816 500632.96338871494 791201.4498762488 355312.6381512359 313989.8992348723 131784.14087633658 500179.87253501156 83157.14298630063 44621.969891142624 29585.107269586075 69314.00941684382 186118.60381866695 156773.52648148936 0 0 0 0 0 0 0 0 0 0 0 0 0 0 0 0 0 0
0 145.55846008220396 217.48441916051524 0 20.095115757721942 0 86597.8809515239 25194.299515868508 20891.587889294402 205256.43063289323 0 126616.28418978397 18870.08351299446 1627569.3490741178 3354993.819204457 8266889.413438261 4135725.6063305163 5137401.0087536685 4726423.116131853 2415943.57684537 1541072.948170249 21987.460553104058 0 0 802326.531333778 68354.74562209658 11763.782834749669 5750.295492742211 6142.045221365988 6271.434047833085 50507.90550126135 129572.23137232661 278607.1036835909 819255.9611897469 495129.0278893858 441803.8772667572 449498.187709406 3779086.604938507 1840799.1346485727 863798.22768116 523842.17737293616 3188312.23454877 1573975.6913933754 501367.8321507275 460295.1737061739 301485.8773399815 36766.2529508397 222320.28609336726 23180.709497145494 60090.44039336918 29869.236775135854 16366.427528610744 38851.1245416188 14725.321823411972 342025.6650448613 5857579.083473994 0 0 0 0 0 0 0 0 0 0 0 0 0 0 0 0 0 0
0 120.01584665794508 279.39384393992805 21.183059203831363 0 0 13204.315595817345 21185.100118871524 164227.893266465 218508.16252663766 350222.70177599485 299133.20021742885 390410.28450301074 1047265.9187220819 4667260.488488421 4712764.6511518955 3900223.226226736 2678346.141545469 2404502.7826261004 4372900.864080527 1984097.5391566213 1168744.1207421403 134789.28663644567 69908.67597439885 645443.2369256243 47690.63619071245 29265.990824785084 13171.699703268707 5359.471782807261 5464.532107178122 23399.587061308324 202657.21274793148 1480609.9116507769 1671016.8141537905 177081.6798279807 52951.11920573935 368626.25449673086 1433439.4810448885 1956874.335734263 1050385.1713635921 213692.12166076433 2870198.004847795 7997777.021912813 707396.2204853743 619832.0198932923 231978.91944605764 162297.65064381063 98702.41600595252 50801.083079389995 44637.485179349314 29265.200026629318 26886.597676364647 181789.0660888088 24103.68814264152 89522.15596285067 565149.3277342119 0 0 0 0 0 0 0 0 0 0 0 0 0 0 0 0 0 0
0 141.0226957019695 174.02344483762863 28.201722099889594 0 0 33720.09630591073 14339.686473627677 92342.40533362603 286713.28625567444 783201.5783511251 1012071.4346832663 1446800.499882671 1289578.5368514173 2116911.0106441006 2262199.959532097 3931720.291512847 2840230.2834795117 2278407.833957296 3392610.2579234857 1856042.2761592828 4384318.23335514 298813.1363329836 195.62943196296692 211852.58473414183 18346.663152359426 8591.517218746245 7052.616709418595 14456.648763895035 4510.300800073892 25369.170552305877 216612.06385293603 1142548.86249578 2600943.7415423393 1503606.0229216442 154373.71608910523 32450.43102965504 509030.98320318013 1176245.9211044014 1054381.4426315427 71416.99251043377 667489.9411151865 10425409.970747985 1715310.9572106004 1095813.8294011354 375882.43019521236 620392.3094305992 304628.63917794474 113365.95937545877 25951.846271249466 38871.76106277318 174218.2470494238 946633.9391285729 127774.38919051504 113988.0992773209 294462.5406616898 0 0 0 0 0 0 0 0 0 0 0 0 0 0 0 0 0 0
0 105.74760336079635 50.53748131885368 2.6182740255026147 0 0 10477.738085725985 15363.315276566893 331965.7971421471 121105.54165371647 665322.7184107036 1585700.842747887 642241.8535034729 1355879.8356271433 1070185.454666553 2022451.716976881 3103393.7384539843 2488348.858409703 12978528.109060317 2020882.4583322238 1079855.644618508 483940.8208507672 434638.4860116923 242.23383754864335 114366.7328657587 34402.00593845919 826.1753245238215 686.0918277781457 614.1459281514399 3454.899376437301 19310.921601086855 51035.8703366518 954614.4660167694 2346659.185762882 1862096.6821530461 189539.03001982253 101848.09263527021 561934.5669164732 525310.3926445842 1646547.5775511116 1044421.494378149 1715826.1750221997 3210694.8097608313 3609183.6877402365 3157592.4505850673 475992.39959460497 381057.2357218452 952781.7920386195 116119.92888528109 175519.83225020487 851376.9899289784 1846834.5411193483 1014365.9885881278 1032784.8541740095 525811.9319676721 1523162.4183167508 0 0 0 0 0 0 0 0 0 0 0 0 0 0 0 0 0 0
0 13.632869002882217 9.54491982916079 0 0 0 6257.912381952148 13218.993266559788 31545.432449628133 257989.19339380716 395704.2191227714 376212.63890271157 514419.3309175377 704179.6731885425 3107652.363112282 1315208.461194694 2649779.5341125503 3800220.396885574 9854442.860345282 1465121.6868306063 15087862.144954504 7345858.857662851 555538.8103695922 0 288623.5878599266 263.0072672441602 78619.55636379495 92740.70895059034 0 3653.038275502622 17543.738356340677 53384.3640909493 404336.8196197748 1156994.9007351398 755166.6445596218 1668260.4656162262 408631.36491995864 792053.9485549331 1267624.590788126 1285066.4414842129 6592796.5134654045 2370885.044589162 2235639.0072369576 3465533.056479126 7148197.445710421 3339215.9948524833 5014315.718679339 1350985.7764509134 1423318.583475858 675666.1876028597 859646.9241797099 18913309.560324434 1351689.8883088382 2134494.2911096537 2774276.263356137 9624.93976032501 0 0 0 0 0 0 0 0 0 0 0 0 0 0 0 0 0 0
0 0 4.187525759210985 0 0 0 43732.73791166046 21478.331733987907 20922.055807798548 88635.12010083272 242841.3184029404 6230500.513283088 250747.88277104427 821975.412684245 1843424.1416828437 4275354.8265278675 1721298.2103552073 2622390.598303495 64612.167448475026 0 10940078.411626235 2498838.2011409476 1786939.9829407986 0 18755216.19722291 18408362.145908296 7501834.046237186 115271.4474616833 4160.3742465870455 52385.2070454089 443944.54856677353 119274.2548468709 635339.4681433439 1858503.5740810633 601740.8254391402 1265535.996082969 1065899.8360849544 3697957.267468691 7152973.2046919465 14460765.636275575 23747274.754619688 5895670.3036093265 1941868.6342964545 1070051.1860720143 1089358.890759889 582331.5230996311 541790.3382803258 4521243.288727082 1751112.2469850034 869693.4036699849 4513869.195235656 3274165.4248818727 2514067.50639998 7147276.239165037 507805.54693760024 0 0 0 0 0 0 0 0 0 0 0 0 0 0 0 0 0 0 0
0 9.852887770910456 0 0 0 0 50353.328076395905 414062.6569893834 24636.82067869119 20376.34904972621 51655.65017497458 506418.7584485691 178339.24431110546 661762.0061460864 634107.2808957398 1330689.214747807 1723951.2302171346 1526778.5940608513 60517.11755361408 523549.88496058807 6910216.099689328 2183070.329295016 885875.0345012632 400127.6285117138 12634374.627810003 23383046.31046282 4987285.480691709 8453017.813722454 439432.4534823643 45766.19217432011 347589.2585950196 2341072.1815189123 9003121.83807376 2196772.986292124 760210.7685273886 1392070.399573803 1252889.1109285206 5243699.645061374 7516962.181203112 11589646.96836713 6801387.283058345 3461806.7251657546 438590.8550423272 3024713.8125529923 902940.3365721798 2508284.7068367163 1210049.8726968393 2475329.485720217 2845758.1706511974 766891.4693848722 528820.3440837336 4945072.036099619 2173419.918007571 441833.8009841554 0 0 0 0 0 0 0 0 0 0 0 0 0 0 0 0 0 0 0 0
0 0 0 0 0 0 31458.575804757304 121088.87053332178 18475.513066127533 66650.36107976799 341472.8298949551 192264.60713309865 371652.8785967021 334254.11656193156 1098454.5025038198 1292353.831621617 4191132.213105391 1382322.545945745 1782263.9580595382 429227.00892930105 1382847.226685593 1928780.8730258169 3023725.748021549 2759372.5062051117 13643260.375386143 311863.71649450064 457053.69887813367 53141.126144228736 6166.731095672003 91263.71823973209 284626.7766792178 1016980.2458567619 3066706.921161294 2166530.615028858 1752700.7129309773 2799099.751291901 1442030.8348911405 2808575.9874287844 9915490.37685886 20218596.496610958 4242570.419442788 3262083.4496256188 614077.8971658796 3139495.4405463934 2586043.426053808 6849598.271433947 9125789.14184481 2066062.4872045433 2452554.9730754364 506313.6246723104 1478480.8238563314 560978.2925118506 0 0 0 0 0 0 0 0 0 0 0 0 0 0 0 0 0 0 0 0 0 0
0 0.790774219785817 0 0 0 0 449.95745740644634 3588.8437794183483 1785.1937063310688 9020.38482429956 45825.14390869922 106514.46201608493 988640.3027010392 10058233.837022468 971045.7205718476 3418855.0552707836 1833265.164165251 847783.8334673867 526752.4126679562 275220.7448570132 2685767.8321102466 3685973.2440523915 14303734.754835255 17924874.369619343 8187134.67698136 332690.88725521415 493704.22699235193 105171.86664031819 14058.344325848855 137740.4872581493 1587042.018007964 1381282.3975036144 2373740.8990858197 3654204.742409572 5338817.604312271 9978205.777590036 5872833.089437842 555775.7730624974 1140635.3900993038 15924241.536326109 5431954.418995239 2176192.920545131 3154168.525878176 1290904.7089060992 885606.267556889 375433.6936435085 4663888.002102272 2828371.941675961 122950.92444122583 11664.055242240429 54796.79847802222 0 0 0 0 0 0 0 0 0 0 0 0 0 0 0 0 0 0 0 0 0 0 0
0 0 0 0 0 0 0 2371.597607013122 884.5090213184449 43377.020215560275 26535.162751192285 428394.56488869054 929317.9248516755 11953676.809803627 1583670.7029313184 2235138.629021585 4747326.549830008 2258927.83408352 2701608.9552582987 0 1340307.82156761 3176988.398340556 3133208.0857544243 102246.88925872091 165787.4320347011 199498.09086467326 92617.70083037019 1285935.5341053605 949513.3006367013 5190726.752859443 166301.84236801416 1028645.1898978725 5890264.663807258 7844454.425966978 9950525.003438473 18447033.157778144 13506525.9145637 940305.3507896997 590548.4288026877 3811129.8372339904 1753984.841519551 5344433.8580341395 10217246.896250382 516671.81365483673 1848315.6418341622 1080938.413929157 3461542.196219206 849318.208946079 0 0 0 0 0 0 0 0 0 0 0 0 0 0 0 0 0 0 0 0 0 0 0 0 0 0
0 0 0 0 0 0 0 385.0257285573316 2083.735554063307 609822.4746178982 73835.03637526906 474415.04527115636 1951717.3233262138 1153390.529132897 1056103.4529105723 636352.3302080929 1066054.9410139918 1833795.9108954286 2026440.241024211 788000.7143177465 1220031.6125969067 3775807.7963420637 2935995.3067284673 829684.3352243751 174125.84169234335 268246.40629285574 483514.5597845912 360613.45660454035 477488.0034517646 3160229.2213739865 757117.4165793359 9305.35345157329 475531.44520401396 1150919.8870171309 3759718.4499878734 6405542.502812505 1518030.4449402094 2812908.8858736753 1511600.7897599041 992314.4322865307 1114407.666708182 710282.6672139168 3253.9815450161695 24253.919048562646 729578.746819308 1266140.5782404914 1862237.4910625517 121378.05153357983 0 0 0 0 0 0 0 0 0 0 0 0 0 0 0 0 0 0 0 0 0 0 0 0 0 0
0 0 0 0 0 0 0 38.82133098835402 3068.8799948583182 24500.62662992203 91724.25111946807 66795.25078627747 1255832.4550684216 1524872.4008535743 542047.0863852352 626615.047698915 291402.0126619558 528721.6311485926 3038688.658014782 1210032.5756405117 1341336.8277395698 3592607.7831256352 7139317.575009584 2448730.2706923485 594014.1495200247 153249.21357837692 380047.51521739364 1198144.3355913162 189068.04393815994 253025.63798606396 2030582.541532874 5460442.350541849 7803048.634128597 1941170.7964868583 3375035.6479712054 2366711.2307219505 835575.0428632498 1093665.2117118835 810544.1693369895 595242.6338248178 0 0 0 0 461476.44705057144 363772.9504146576 0 4894.341042850167 95.20733639597893 219383.98111516796 511564.4797848463 1205.988983631134 0 0 0 0 0 0 0 0 0 0 0 0 0 0 0 0 0 0 0 0 0 0
0 5.861910832336434 0 0 0 0 0 1085.3290153939597 11435.997140429863 15080.460594373188 36799.14048960549 70998.35357479239 483541.00636620447 872974.1540286811 1136172.7921045162 1419348.1262374995 1651927.2758981152 177435.62950664014 808265.2605430009 4053555.571436915 3727661.390390032 3615004.408888433 6627734.513723925 11401689.91316855 9337419.393015064 52145.64871641528 510544.5824353993 1367450.1863146424 179888.8405404091 146425.41961482167 99000.34808689356 1432308.5289662853 10866370.28312686 3681831.7944271564 834631.8525813594 886530.7499574423 698868.2223370075 996692.2468898296 2904282.880474955 0 0 0 0 0 0 338063.99195444584 78018.58028023504 584721.6103783846 1199762.8781067412 552162.3700833917 1285792.824563384 921730.0185641944 0 0 0 0 0 0 0 0 0 0 0 0 0 0 0 0 0 0 0 0 0 0
0 33.41894656262957 0 0 0 0 0.16515949880704284 314.85497573213433 3464.020259818295 8700.5910108448 184915.81242537964 65565.61168135703 522615.15640677325 1515133.6280662362 660088.9316455154 508638.1150911362 113909.87831213954 832412.6879574591 296816.7411294244 3321612.683402896 3461291.224138721 3352827.1724118674 2089393.8009318113 3138225.605573952 4649419.678365551 6130519.974052606 160811.26019191742 7452902.163595527 586498.5547399223 47338.47537961602 108803.28672568128 73352.14409276843 729435.9385854127 36727.6165794339 277149.33176217973 425373.7254756689 681072.2233996391 447016.5935956538 16403.53119249642 0 0 0 0 466.100146480836 67.46601184085011 128049.32202336565 1520815.5519731566 1217552.8697488531 8093706.523938894 3484675.14558059 1604203.4882011414 329849.58086180687 0 0 0 0 0 0 0 0 0 0 0 0 0 0 0 0 0 0 0 0 0 0
0 48.618912597761664 0 0 0 0 215.05048411596545 692.039143326343 304.8114567176053 12274.088886390673 51046.488316987175 649824.5110215973 361920.55763619393 2476506.2326755165 2772082.0251999097 162324.43837170303 40749.88848598162 123906.52151237731 1854.7399993815925 618079.9210728668 4498319.221160047 3745512.24415794 3125224.905383408 3580246.1105126143 3617332.7687824667 975285.9205015525 2162531.3656199872 2169278.4295380414 249720.57369601727 79636.87758857012 39610.857385924086 519282.4590384597 835324.5454283394 11281.467929929495 534964.5179041028 264426.0031145066 89866.4520601444 868.4871637821198 0 0 0 0 0 0 74.49456465570256 1307506.7157653533 1845982.672571227 2150616.1161874905 638391.2734786496 191619.56469988823 0 0 0 0 0 0 0 0 0 0 0 0 0 0 0 0 0 0 0 0 0 0 0 0
0 25.58939384347832 0 0 0 142.23580640371438 0 1901.5243203184582 8671.853865559387 8893.843575362815 262970.73361508176 101809.38406174257 290574.5876331553 1725992.9454595875 649458.286457777 397354.5316807083 54174.48699434381 304879.63385058986 441205.5699367821 53259.21584440209 584.361989736557 2059.471326828003 17118534.889176726 2410860.096441686 5261415.266401507 2389131.232826963 409409.78315994516 9146082.217143837 187969.68515304476 90507.86463928223 26022.00372054428 66743.05564214289 95264.5568526648 51840.86999139935 64826.96296176314 4292.591201733798 0 0 0 0 0 0 0 6.670057158917189 27.48170255124569 0 28554.80545794964 0 0 0 0 0 0 0 0 0 0 0 0 0 0 0 0 0 0 0 0 0 0 0 0 0 0 0
0 24.926721687334066 0 0 68.15675654384177 338.4040107285691 34.61341758087292 24232.17745569482 16437.707758797973 134344.76634285133 23957.42346726684 85754.4867533166 1374763.3659809893 1008118.9737312272 373718.62743167207 172491.89404448867 34262.07151121041 121523.707391629 46655.228812866495 143505.03271274827 277986.1294252714 128799.31729161926 3139276.0326860473 56419.91846176237 1328703.4712320566 2319844.012834251 1211771.3420123607 471561.2734034993 700978.136697717 90317.68103253841 37593.74250965938 275160.42343273386 0 69346.06651232019 0 0 0 0 0 0 0 25.463625498116016 63.6749835703522 0 0 0 0 0 0 0 0 0 0 0 0 0 0 0 0 0 0 0 0 0 0 0 0 0 0 0 0 0 0 0
0 61.1774726332369 0 0 275.5808116808912 135.74448202389976 62.398619978645 4905.443692590463 12065.438532403758 24768.716697611846 13590.916418878362 263965.5699624799 1416572.9864016082 1728513.993878372 994728.039239686 747121.5821067095 38381.778148349375 22016.44410484284 91669.66802648827 93593.87477707863 143012.80201538 1122517.9774606228 556636.6762319803 59666.46540300548 319255.7418538332 800382.013482511 1207322.9325953573 8028576.8662015535 813101.7848705743 60849.36613278091 47373.31850670278 17436.307814924978 0 0 0 0 0 0 0 0 0 104460.60101105273 67.7995969131589 0 262.3081913590431 0 0 0 0 963135.3817380667 0 0 0 0 0 0 0 0 0 0 0 0 0 0 0 0 0 0 0 0 0 0 0 0
0 93.2515482720155 0 17.42125240387395 158.7652586561453 0.19001898446003906 12.75320954473591 1788.0665120390186 73023.131757103 11324.852048145724 8397.023559471127 242114.7183575239 430297.6234838851 387259.21520773135 342867.0062710708 1116400.5192484623 86253.88445923105 11676.620860937051 88933.63936351426 309438.0967997499 126687.33858335018 3269888.315741673 1199899.0684812665 250033.50807267427 113108.05341893435 1541339.6695132852 947710.319144845 55719.79376090504 2309013.5294447914 91028.84317433741 47051.27152390033 0 0 0 0 0 0 0 0 0 0 0 0 0 0 0 0 0 1246296.325766325 0 0 0 0 0 0 0 0 0 0 0 0 0 0 0 0 0 0 0 0 0 0 0 0 0
0 61.2100903090286 0 105.2009768305943 81.23431976712163 0 58.715577939670766 189.6718994348921 27962.150215575588 7705.349260856397 19011.81618090984 400536.1275405965 2566878.913041305 919053.1082046805 612655.6991372034 123456.24883485585 24758.18220306188 23009.804440059932 77694.93485269533 4417368.899914138 262266.2705773525 461586.4262472391 4568534.1668127775 674372.5917255878 182991.28559613228 683080.4210020304 405975.6426640749 467371.21577278525 137099.74131801724 85937.13057757914 0 0 0 0 0 0 0 0 0 0 0 0 0 0 0 0 0 0 0 0 0 0 0 0 0 0 0 0 0 0 0 0 0 0 0 0 0 0 0 0 0 0 0 0
0 85.64388147580758 0 70.97495000628987 8.738711630023317 0 325.22361952485517 941.1100939740063 5712.38086459224 2683.823298968142 44397.740816581936 33164.24575986834 759068.1372181561 1658168.2670910796 325112.5766661166 19931.99139914778 10459.198920960538 117236.21817030292 49337.65947856847 242582.86954264343 557523.6879353523 1539330.1261836886 1058567.8772194386 2188118.4836205244 869825.7676487267 124608.92585235089 426924.7122717202 781026.6248331629 0 0 0 0 0 0 0 0 0 0 0 0 0 0 0 0 0 0 0 0 0 0 0 0 0 0 0 0 0 0 0 0 0 0 0 0 0 0 0 0 0 0 0 0 0 0
0 55.46817029717931 0 59.81739429965455 0 0 142.14399016584866 79242.23602809664 5596.952295022609 16712.979819903092 154739.03205135243 47685.000346149056 218783.98361978226 437253.73953228537 380294.8712812234 20659.71733391867 11043.664763719775 90098.10479329154 142521.03078197688 198200.7969184257 2388956.834127091 1681411.836579971 1515833.598706603 909228.1722130775 1062028.2102976292 182223.44853916764 393449.8379099369 265770.84970217757 0 0 0 0 0 0 0 0 0 0 0 0 0 0 0 0 0 0 0 0 44689.68618530035 0 0 0 0 0 0 0 0 0 0 0 0 0 0 0 0 0 0 0 0 0 0 0 0 0
0 0.28315419521095464 0 74.44860469521154 0 27.029643464331457 395.6752578059313 1675.9917610124394 82554.7868963703 25584.91523189514 106910.5684230786 34177.52332974294 914425.4666584954 276134.35678470973 97920.42318666726 57873.631950480514 40884.203403603286 18644.524617418647 383504.5202341378 55321.39201641083 4515949.935156268 4281459.851076454 2476568.1215775013 1398869.1956250668 2273484.480863303 2078287.8919205517 968725.4851980209 16955287.83809193 10876.005999058485 0 0 0 0 0 0 0 0 0 0 0 0 0 0 0 0 0 0 0 0 0 0 0 0 0 0 0 0 0 0 0 0 0 0 0 0 0 0 0 0 0 0 0 0 0
0 0 0 44.00013252432473 0 497.7576391309194 1240.2807018913009 1824.7478220355915 9408.396208686405 20678.494834245415 75442.12740646243 26977.840526919812 212193.8671030089 439707.61352304043 247817.92592013068 52572.020818476565 79683.05059428513 22629.34002567455 169129.6245627352 1899119.9593818188 8049703.84496069 7237675.650582731 3412201.520806581 7670474.50818336 998161.3253771961 1559835.353568077 16874899.71891257 14939658.499534577 1381453.0940886065 350749.13746738434 0 0 0 0 0 0 0 0 0 0 0 0 0 0 0 0 0 0 0 0 0 0 0 0 0 0 0 0 0 0 0 0 0 0 0 0 0 0 0 0 0 0 0 0
0 0 0 0 424.7704174887913 3141.0760374957827 320.39482557027077 776.1349127687172 5393.435801137006 7132.449713440379 49845.29162378315 29408.626116082014 62632.40932555002 152211.61138752964 159970.79988311348 1288115.1832023119 41799.155425324105 7678.382662512362 56391.327718166634 2248093.683566928 6865905.3242118955 2059804.612042904 1812678.8179074824 16733948.600758672 9082670.941046238 21164600.713878572 4085023.582736373 4649083.957415074 8816205.333083868 7815214.871057868 0 0 0 0 0 0 0 0 0 0 0 0 0 0 0 0 0 0 0 0 0 0 0 0 0 0 0 0 0 0 0 0 0 0 0 0 0 0 0 0 0 0 0 0
0 0 0 0 0 815.46003334958 275.47537148288393 727.4230382516471 29732.65416506467 11108.748450793355 499366.14155403303 18991.15697090648 40594.696310944564 1413392.2004113884 46869.215170145035 579976.5947411386 417803.6299272501 17063.59396316111 79970.22177208913 688952.9150758609 7105475.748852032 62791.57437509601 3689403.306215547 32582895.754309267 34754357.65765238 20661161.98480439 5993178.3734458685 12304118.836865425 30884458.80146181 21070721.056405067 36829222.51520538 2402407.759522021 487704.520465374 6857.47732925415 50223.99719232321 11037.836722195148 164316.52598596504 272186.4383568764 73683.34772896767 80769.51697938889 0 0 0 0 0 0 0 0 0 0 0 0 0 0 0 0 0 0 0 0 0 0 0 0 0 0 0 0 0 0 0 0 0 0
0 0 0 0 3.972868671455217 145.23441402356184 551.6308338437375 9356.846120835726 11682.133973239514 127984.41134249044 196486.31038910837 6729.357558312593 79843.22122622002 216316.8202028016 65447.994620265556 185181.64503179537 46451.815872020554 78865.05336647609 81391.9407939876 2045262.3615216203 959368.6014108812 232548.075380439 726652.6847707428 14482648.800723791 52260546.66825467 16325878.52804327 18711377.136127472 13790928.78444773 22214473.314480305 18273796.18396163 21263915.668106914 20784486.682008624 12336393.322255969 10346231.041492343 4048073.065618515 0 0 0 0 0 0 0 0 0 0 0 0 0 0 0 0 0 0 0 0 0 0 0 0 0 0 0 0 0 0 0 0 0 0 0 0 0 0 0
0 0 3.7464771162667603 0 8.754894086101558 191.6995425040186 655.77419957643 4378.9149278684345 109061.50378233887 78410.29257072869 281422.2091055255 12647.532484327035 16441.944127966184 126936.31139732676 499198.12482548784 42330.9829480208 48431.71401309222 20691.32484243752 446592.4144512601 2869630.970821418 1517554.3935495694 2539033.279010873 135465.52726544268 403819.4788233787 11671562.547583327 63231410.53995991 41623919.34556866 11061320.151446104 14825198.222119182 14021378.146692216 17762983.589384437 15761109.73593235 13819637.409625411 32742030.170439363 36043094.90768683 14470010.214780211 0 0 0 0 0 0 0 0 0 0 0 0 0 0 0 0 0 0 0 0 0 0 0 0 0 0 0 0 0 0 0 0 0 0 0 0 0 0
0 2.659240110537212 0 0 1.072191333543742 134.1097639796062 289.3556767503651 11007.246598159007 27456.44162663947 8340.676035180019 25848.224100425054 4940.18155906412 15247.557927983522 154233.1408972087 249341.65184387937 231771.60964751337 43057.816803865135 36440.50140746485 517419.5406819731 365188.331641868 1018977.3028425744 1529442.982616488 244721.14637243174 33829.48550750836 402498.1213989416 24328828.357810944 43625542.093826294 17999256.63270986 12470530.37283343 14968341.455292046 13213562.213261962 23049808.572068274 11923211.287592202 36202249.21805358 19264154.728915226 3444692.5569700412 6848140.393840313 0 0 0 0 0 0 0 0 0 0 0 0 0 0 0 0 0 0 0 0 0 0 0 0 0 0 0 0 0 0 0 0 0 0 0 0 0
0 0 0 0.9793625906022498 36.32141918560228 194.2216457948398 711.0695899441416 907.2645679469933 5003.549542009183 3234.8800843629215 3313.934769999192 17074.49282103365 19914.869221423753 111055.28824973386 252425.54342535604 546663.0848689461 90641.93608346581 116096.85954921483 1976881.6024080217 669760.7955466718 840945.0618358353 107600.45847653638 449854.3811612467 4744.8499903031625 22715.13605725055 5235755.727782046 43983301.67489363 35364879.74184656 10008923.473626912 16272074.26945281 5039988.133447275 19239611.339975804 6216.84383533895 1574230.3080922365 76626.97600605292 6013256.139237685 5586075.457781057 0 0 0 0 0 0 0 0 0 0 0 0 0 0 0 0 0 0 0 0 0 0 0 0 0 0 0 0 0 0 0 0 0 0 0 0 0
0 0 0 0.9844856442377932 20.259446881638723 487.8996603436917 2345.803923632422 907.5208742801515 964.7978183778505 670.1348066769133 879.3048907045159 4278.3826453277725 97233.44007795583 2051238.19121728 964769.0403807387 335752.77847165987 190058.24623268552 671883.6779164174 601937.4655476897 1055393.8189789497 244812.62586766516 27192.96193874041 19927.41218462441 5679.753416614258 27027.938652544108 257518.15915641087 36316488.025467664 51331649.25804496 11665356.59867844 13361167.50115627 11480391.111824036 4153450.3286004066 0 0 0 0 0 0 0 0 0 0 0 0 0 0 0 0 0 0 0 0 0 0 0 0 0 0 0 0 0 0 0 0 0 0 0 0 0 0 0 0 0 0
0 0 0 0 38.325575026854494 176.5147501949359 11114.122284459305 4349.627883474939 680.858530256417 238.96786964981948 279.55215667866287 10057.119902803825 794258.0774217993 1327369.3944040667 585153.4847375453 180122.29585998692 117294.68808378675 350304.08168558206 2045793.7847578428 1099835.9379529261 42983.06418321631 72128.78200646368 378.70879751915345 2684.853777899407 33350.9257630239 64888.846164389164 32168046.59533654 72351613.50947249 26849831.378944278 19488145.86951357 5534834.14425081 0 0 0 0 0 0 0 0 0 0 0 0 0 0 0 0 0 0 0 0 0 0 0 0 0 0 0 0 0 0 0 0 0 0 0 0 0 0 0 0 0 0 0
0 0 0 0.32431514787094784 102.38053202279661 135.1088449627132 168407.11844263686 4830.01315897446 3640.7227797898668 1245.880252465071 1095.5870610671118 4322.038584913738 26503.119576198515 128171.58666743524 1041205.1096130032 30699.377126077306 170127.01885464805 242080.4274922529 5170342.419085535 314506.2617754211 36325.326488453255 32232.66327516205 0 3898.603885356104 40620.53569106205 235249.40009587537 13963675.538566817 53934572.70556331 71142307.83490515 11265530.431940973 0 0 0 0 0 0 0 0 0 0 0 0 0 0 0 0 0 0 0 0 0 0 0 0 0 0 0 0 0 0 0 0 0 0 0 0 0 0 0 0 0 0 0 0
0 2.6680790446825995 0.1268614192995301 7.083663070894545 144.6284440915515 184.89205862915514 478.3965072426836 352.9034665448453 378.65249557406423 467.1516535615665 4677.564203205431 6384.414691848215 71374.44583898596 336188.0046427031 106447.38243853417 50467.07435139897 72362.27568236203 141492.63879201456 410624.5490966486 571196.8220580921 9737.260304956348 26737.697455723697 0 1203.422573456337 56184.7775885195 533717.2675063929 5756610.469025546 48001133.93401271 75145971.33488682 1332450.157637328 0 0 0 0 0 0 0 0 0 0 0 0 0 0 0 0 0 0 0 0 0 0 0 0 0 0 0 0 0 0 0 0 0 0 0 0 0 0 0 0 0 0 0 0
0 25.483480926463926 4.033559634193807 16.238865263803746 121.05397158961205 144.01862626439652 1178.251491897332 212.02619448067526 202.37495250795837 183.79524225657224 783.0962763829302 29892.730276563 104057.29614795744 1040425.7935056409 543197.152900013 76016.96182359551 50907.73764223265 26844.395969145815 63286.666930888314 110192.80070864456 131.27472738688812 24737.38015374303 1784.402504996513 7932.4266166645975 249678.97369171912 802276.7674981871 7462470.600539567 27447193.6786865 29077623.538126707 4959012.717969865 3148.75089430809 0 61.07409796118736 348641.4392555617 24009.48682906665 16044.421207040548 0 0 0 0 0 0 0 0 0 0 0 0 0 0 0 0 0 0 0 0 0 0 0 0 0 0 0 0 0 0 0 0 0 0 0 0 0 0
0 57.62394946722816 17.464078460669043 38.8880609729531 114.86304661914983 171.13772455696926 1542.1630806191752 298.7846926091006 227.33379292342215 268.25374225422274 568.2417236380861 10741.204918446485 78717.57696546346 334824.7621522434 20834.13944716705 189978.50885394373 13424.001145270013 12775.923671170545 50875.71428435613 454850.40768652945 239289.68456870393 9055.364127484732 302173.4985879672 26138.09996453498 252985.91945098876 180998.21625711047 8115445.047847293 6728214.944833815 2003029.0718877316 3386850.745618701 1485080.3660084307 2459369.8099630475 2192.1324089691043 1257.2693302389234 0 9782.470501497388 19986.39395527169 0 0 0 0 0 0 0 0 0 0 0 0 0 0 0 0 0 0 0 0 0 0 0 0 0 0 0 0 0 0 0 0 0 0 0 0 0
0 62.05185305876876 37.38035155981015 42.96802557959745 115.32488452623875 139.7991762724032 370.1720218817063 292.81934215119327 225.30634409119375 316.60990759685956 1938.478348554112 13931.796732542804 54127.51709665777 167829.45900249836 3359.8584401872213 16381.888136819005 21696.907621286984 33733.76256423164 5977.3092279821285 8135.7024465629 237164.86015937064 62494.03192610544 33160.38427374521 303082.1861974002 459945.2213136777 116310.34467139174 2807554.089236401 1387176.5348605216 3545865.6908252537 7508211.385876119 4536878.37410298 12974247.357770205 6517.463091850281 0 0 0 1974825.0277212858 1250271.640445657 161188.50476947427 0 0 0 0 0 0 553.4532985240221 0 0 0 0 0 0 0 0 0 0 0 0 0 0 0 0 0 0 0 0 0 0 0 0 0 0 0 0
0 17.791690695198668 45.30526788512725 57.13479208512945 117.56026868267872 126.54131242292897 188.44834739551334 221.63041858088036 192.77920694439672 416.4786852374382 565.7576882503927 21793.53985766135 34158.392999801785 115300.26342094224 3546.4143160757376 11656.927924830583 27165.35806528665 14741.540020684362 7627.438910976984 8046.010615427309 1001966.5356450044 133901.06698510854 171997.07643989485 109285.43485631526 336350.1888251854 306856.6596505905 682373.2484021895 4272368.571122237 3346037.1212130785 1161501.2202813625 2860746.950579047 3453932.9651943147 1152796.573119551 773358.4808745682 1254671.9885687418 2814437.755339995 131965.1179933846 9241376.577567995 3435026.3031825386 435852.7457920145 16522.08356266655 0 0 0 0 0 0 0 0 0 0 0 0 0 0 0 0 0 0 0 0 0 0 0 0 0 0 0 0 0 0 0 0 0
0 3.3645565100378008 44.33712003716937 98.35759686433812 102.81007478455467 316.69543820922627 143.39402525190235 272.80099944945687 204.46519110187 649.7977270995034 367.4219580445206 4848.252710620029 11018.136221808381 210776.92894322402 7600.638851051219 18259.498334442353 82261.77190455375 70230.03819002351 10925.60278324131 32558.711006064666 234165.29749716667 1130829.3579287387 1228425.386864495 248608.60115020536 400640.95128382 336437.6427530255 2350919.241645664 6113384.455550194 3132713.420777917 2693575.1684391275 2774623.9700278416 4662071.149573818 26695684.22019884 7201573.9591831565 122916.35443747044 2787773.4612380266 7539439.61270123 6485316.317847893 4830498.4703909755 7904086.825076491 1005799.1071339063 26.374024279415607 0 0 0 0 0 0 0 0 0 0 0 0 0 0 0 0 0 0 0 0 0 0 0 0 0 0 0 0 0 0 0 0
0 0 57.90617085539634 115.56147649118975 112.09687908415799 2619.193997887336 136.4134241693464 264.3310767481562 195.46472479246586 261.76168181860703 534.748679399956 2578.717530619295 211958.34243787694 102821.49555956124 378846.94449796807 65506.76161068119 39607.473186314804 85141.6112051513 15025.501558685675 7224.466817133536 18213.54052355171 2259081.3922999618 7176944.797654964 568436.9616792286 1747740.6039861394 6659968.054760587 7642054.821025901 11533413.447680235 6048394.893192768 1697547.5003413558 2823612.6790998317 6153934.631947935 6084505.31834197 4330294.885400966 246298.51088706963 822.6190233826637 2976297.9953203974 7507099.25577763 6624873.714510135 3198749.361509539 4257766.335080445 2103092.2607635707 0 0 0 0 0 0 0 0 0 0 0 0 0 0 0 0 0 0 0 0 0 0 0 0 0 0 0 0 0 0 0 0
0 0 40.8194868623159 116.93728271353939 116.98773418051314 247.15406460566373 150.31679017201532 226.2602150199018 314.9955897629261 1513.9699072518051 469.59460590640083 458.0716712049907 61457.40609487938 10241.019808890298 975499.5709438954 70413.78343730327 155098.0881004408 23995.3729124479 42468.24739689939 10431.612469021027 26719.40796290571 1143733.8489492398 7518666.663148612 5360511.605068129 18554767.24913478 28087224.164855003 12872775.410199165 10273797.751244128 5804900.915273666 14106733.753474638 6310019.587835057 3999431.205488067 5256197.48233363 8204429.456685014 13234892.647436917 1861479.5979666114 0 4527.120928440243 7885122.566377396 295713.46499812976 4382297.6970784925 10497433.598321803 1256996.7067953348 0 2069.493184893043 0 0 0 0 0 0 0 0 0 0 0 0 0 0 0 0 0 0 0 0 0 0 0 0 0 0 0 0 0
0 0 4.4719015779628535 74.16960415866743 134.7273811926916 200.17885263394783 96.79596605444385 102.53957795508177 211.66227277941653 442.7093226570287 252.54489079880295 1006.8722914907848 27800.745157133322 14328.489915145328 74746.94292280421 639288.1370960046 1864062.203659554 47956.95639776718 9203.278951402754 30782.731740068644 2043706.2197834062 4997890.1297647245 5156786.04100883 7655001.698214695 14352287.466341496 20968838.70604551 13719343.999425173 5098953.061882615 6000848.036755741 17308496.61716503 969536.6506080627 2917469.855334755 2107386.886026785 4034982.3433307707 27547267.61393279 71580.42000332475 0 15091.603369394317 42522.51173038967 6922.156338274479 1256894.3567469642 17502.859024070203 66021984.918711305 5411.347242355347 0 0 0 0 0 0 0 0 0 0 0 0 0 0 0 0 0 0 0 0 0 0 0 0 0 0 0 0 0 0
0 0 0 63.82035154464029 113.42237895855396 146.53857908712962 87.15264403048786 69.49184388415233 475.5552309809427 571.5477903155734 483.5747131650569 2451.674778034212 16514.328629057854 32165.360223798023 48068.05498321689 105292.5236022789 36235.25416937657 52100.34712507296 27372.44530035928 144199.03921629488 4593630.495543678 2151294.0079550445 4936745.014370531 20061868.675685763 7857327.064370558 6742578.780115493 8066951.151114702 6605516.636046171 16323490.42883274 7186996.699361622 5174225.007673502 1883724.1116814613 4456301.204403043 5994074.05337882 837325.708927691 0 0 56078.130670491606 1295752.203631796 2097116.0554627199 189715.09487697296 0.9731211811304092 25543980.141523987 847197.334851265 0 0 0 0 0 0 0 0 0 0 0 0 0 0 0 0 0 0 0 0 0 0 0 0 0 0 0 0 0 0
0 0 0 68.7571725831931 134.3216758680228 235.34912448984142 87.81870528645231 227.64751557723503 18263.135010999147 1712.5868609501558 1075.8822754269713 7550.153012126917 2908.5267286018934 20498.64458475227 17681.96748018243 41400.426616565324 23433.519601820502 26960.135299355083 107193.84661344625 265164.7478151275 5094846.460699402 6885597.703259766 11223895.054556608 10387696.771847814 10112257.536602736 11940769.601823151 17317235.69363725 9488790.248039126 14742741.912326455 13649158.072229292 3716082.312246412 19.698900569230318 0 0 0 0 0 371.1038203239441 1969838.9575242773 1255661.5682500005 894211.8147862703 2088.8141499236226 24848026.40473722 10414033.654816628 0 0 0 0 0 0 0 0 0 0 0 0 0 0 0 0 0 0 0 0 0 0 0 0 0 0 0 0 0 0
0 0 0 31.380957803428828 93.58319956560808 1346.6032527835996 885.1322475365596 1018.4373941308077 20981.724011703234 10398.330813960114 26159.60195506143 5722.805694973416 13112.095388672722 9504.586497904384 295387.42147558636 163276.44696185552 20341.86178079527 26471.01820678264 36204.90080821281 712016.7544884817 7395043.937320026 13095069.598267347 21143585.34843594 38862067.443461984 15393180.8682594 25086891.19201709 24514621.405373916 9972880.571348377 77074702.72062328 882231.3764141537 0 453.92363415658474 0 0 0 0 0 733705.3818456419 241749.31097763777 359498.13714298606 1295445.0899494458 818.5777878463268 15078092.09924692 12350771.373358041 0 0 0 0 0 2379.4394491736457 339.1045638898962 6145.803694777501 1586.3383870003995 0 0 0 0 0 0 0 0 0 0 0 0 0 0 0 0 0 0 0 0 0
0 0 0 0 34.68494960737917 1207.371244195514 883.6904186670436 87.75907365580588 186.12670450896258 1325.7118939101856 27617.687529125717 6068.481235194951 14572.3786156422 2675.992617458338 29603.130106202792 182138.19677399943 49630.56331007404 9496.449601251457 303241.3971850169 839813.3480542693 29546334.659510314 33621350.04621002 35791724.71782476 31037320.927232623 14925840.670895683 19293152.76931677 14129168.120002374 12140038.09912023 21956502.253566623 0 0 0 0 0 0 0 1834370.9837150574 760701.0328275082 113074.02082341164 521984.4428645298 4461393.914931543 821101.9615159705 193784.87983634323 8202448.480653688 0 0 0 0 0.09989995522846584 2735.7102193310184 368.7485841001471 166.44629121641083 40327.67537554574 15707.455122397547 1789796.2758292384 114075.64555685123 0 0 0 0 0 0 0 0 0 0 0 0 0 0 0 0 0 0
0 0 0 0 22.270791696755623 197.53546021211878 79.9297823902607 68.78921259918025 1513.068567534705 17514.84855265962 17766.263510638848 2479.5142805938085 4775.578777986957 605.874946661992 55694.22622254165 142408.09340695152 306208.5757291473 14067.901106085075 399333.0575467037 1335116.4883838757 21790821.839901 25992953.433529425 34390135.09070441 27532870.11256075 24878992.788012445 11838074.690955535 8439085.894927181 20113301.549282894 9001419.27893617 0 0 0 0 0 99924.38258773088 498775.7602459416 1430527.925237745 1587652.5483345343 598792.8170995563 3105564.0306061134 36130.567925170064 4363.160005461425 1285.9838133230805 1626564.0083707124 0 0 0 0 14083.805346706802 24166.19951957901 6008.091965577405 998.6933372654385 1211.3343686071003 5788.531896204755 38800.30451881592 56025.576365182984 0 0 0 0 0 0 0 0 0 0 0 0 0 0 0 0 0 0
0 0 0 0 1.5108641123952111 235.57464826122032 100.10981929339596 74.76609428138545 957.2318925570289 25649.38522751801 5200.066869637347 14567.348587359069 8620.126677063992 1479.0058756053913 24440.669992111623 104242.61327170453 670080.8619849728 135544.57366574227 914377.9685776224 4595191.809480414 8281107.127310991 3106901.208077388 22998629.395050135 17988376.57327699 50777563.03585631 26787247.26395923 13470023.803857192 12417363.23533313 10886793.099111855 30289.26809322834 618184.021795392 6032081.486848295 6503914.530137211 299320.36178022623 673893.1471174955 0 193922.39547356777 116396.43710271269 78171.46214308217 1566723.4266514964 3272706.1834006608 7336250.537777655 344208.8774373047 2130459.7197962627 118133.78994379193 0 0 0.00013389373089012224 399.58842109706086 2702.2581436994114 8461.703398071895 878.4152486164656 1392.6909267736937 561.035340054257 2888.3217516020704 3232.870742312565 0 0 0 0 0 0 0 0 0 0 0 0 0 0 0 0 0 0
0 0 0 0 0 506.58879193513894 1461.6249726948154 191.51697647077344 735.9334281369247 22889.49576796418 3401.4801666097483 1344.5053348887013 6280.208319064928 2033.9540655184537 87374.70907824923 163850.36276943306 357820.75256605714 1723415.3201673594 2751813.4524759045 5364909.927047202 10671269.378261045 9440569.736156542 1985976.7336564474 6926.566659098491 42645450.8832595 17108100.629028652 4739095.3901342265 12034884.357925344 690830.3827844039 28466.74348359555 913669.1556778047 4648817.536712091 34267955.76330057 3319716.582075268 4712504.29977572 1088679.4448668957 1524318.1459073722 0 397611.3477099687 924904.5392445363 899008.4487867132 2581350.5010143146 80647.48725787178 1152390.9468097389 125050.98765482008 0.00047567422734573483 0.0004913214179396164 13924.407023972384 685.623196642402 499.1843103919309 320.5038853255332 153.63234838316748 2582.9691829159133 32663.1116771795 3776.184003490318 13051.109809171161 0 0 0 0 0 0 0 0 0 0 0 0 0 0 0 0 0 0
0 0 0 0 50.23742060138102 519.200960692262 2009.0948353012718 449.73643595131216 3182.5317688419855 8473.603696794198 1570.9081804308662 1152.3250091077061 64645.81507647142 47210.395935960114 149769.116317807 318908.8212320092 1705520.2859380378 4761454.951008566 5263328.456009788 15027608.188963002 9083644.03344454 238963.76911842823 0 0 0 37.53948396444321 0 55468.570089843124 671.3146933764219 0 0 0 1601010.2367050648 6161766.51954551 12409655.646736741 9018456.000675201 3640812.028605193 0 1880044.2208837867 1270224.8020741343 244004.75358105078 204698.1395426765 27782.82745467499 1667469.4889637828 1078445.7732838988 0.0022040806791210343 12.269619919368097 6004.321200170145 440.83372535430954 377.11378378006 7.421805356950173 43.925331016308405 23.953419343467175 86.24816448990691 75.67679302954286 75.94694438195552 0 0 0 0 0 0 0 0 0 0 0 0 0 0 0 0 0 0
0 0 0 0 24.3614747481588 531.2490399846029 544.4769795245156 155.36497127621988 174.77798275948953 8375.642048065747 8777.231424467085 35493.747481381986 6816.387685276102 3331.5969011127017 69765.8595375088 99426.53099865105 2289060.2772664484 13118456.075927619 14049231.057908945 5684126.1625893675 6313770.626876958 33723817.40980371 5801307.159705374 1121445.8798749596 0 0 1.7464234232902527 63817.11045832932 0 0 0 0 0 484909.68264344335 1255512.7628339827 5632783.697361171 4546473.463758349 218565.40455377474 362575.698566556 16468.634130567312 270604.5045399219 84399.59469160438 8926.465804893523 1399858.8939452507 0 9.638777827640524 637.7810123499247 2127.478920460857 695.645965850872 6.421338493074472 3.8066368757677083 512.047440916117 5.814860047763659 259.6539067617835 89.93624445154467 0 0 0 0 0 0 0 0 0 0 0 0 0 0 0 0 0 0 0
0 0 0 0 9.045340236960328 1361.2123208649718 433.8482467184658 244.43939346259867 218.9430581322813 3723.2142193473774 40075.09059590753 1765.258385236957 982.5696716509992 3907.875441534794 40006.32227020664 653660.9549285914 410083.92356855137 3107112.923778876 2369301.0208008746 1829772.4613255642 3600430.1002516747 4313757.029268011 15033483.764352404 892377.7975976057 34212.69565588981 200.84850838780403 231684.17238723487 1154548.9171589166 0 0 0 0 0 0 0 0 0 0 698298.7382911742 590288.5144498255 513829.1669838689 727775.0032433271 7906.871526421979 26155.685231037438 0 0.2030562101332407 6772.399505076683 2367.6206409847855 1234.0819881852342 7.308819630214259 245.79676222340683 1394.615921196444 2.0842079978680097 7.895119202251593 72.38853772869243 0 0 0 0 0 0 0 0 0 0 0 0 0 0 0 0 0 0 0
0 0 0 0 0 22.95279560313429 504.26642574189464 2214.998186476645 1051.4895628767626 24218.682634927376 346879.15578693664 1888.0301437779854 248.25695471986546 377.13881037015017 8609.237562297145 24757.080053517828 258420.24287149264 5247879.067232488 3507618.0571792587 2928092.7884858735 253968.83581367135 20219.31736217439 1185555.0165923238 8590760.4854988 3655238.522940334 30084.26856308058 61036.06989809871 2204.0048149228096 0 0 0 0 0 0 0 0 0 0.9722677711397409 10.943101300857961 460615.6792819733 306905.09073101915 47629.612092897296 32648.840354777873 76549.10116253048 2580.532605229564 123866.22465252371 3504.925948837885 1870.473894062299 128.87015147076318 281.9332541400495 687.2226032552785 1834.8720915788876 49.234726321350934 85.9226008463024 82.83512333264571 0 0 0 0 0 0 0 0 0 0 0 0 0 0 0 0 0 0 0
0 0 0 0 0 40.78884375901998 1534.6200260619953 2143.5385911384365 4027.2409828280215 4974.558618522366 43214.00752201956 934.0855493891213 275.7202836777433 149.24081258510705 2264.9599480538745 22311.704962495598 170368.76858583716 1719914.3639080792 898899.2128362132 1017983.4467373877 0 93.15666961669922 811046.7141422182 6501556.780664526 307348.6278268397 0 0 0 0 0 0 0 0 0 0 0 112.7043442428112 308.6935703866184 0 259330.04373044427 266025.8584298594 51738.47015915904 131771.2682489492 1017.7136943340302 773.360868307327 3529.4533970881703 10869.27664819735 452.7712865560097 9.429703713801473 1927.9078016699405 1940.4023822751878 1299.809262009117 672.6601219702719 42.64142543682051 968.0919597880966 0 0 0 0 0 0 0 0 0 0 0 0 0 0 0 0 0 0 0
0 0 0 1.725671132957359 1.3559226741763268 76.80418500844462 2134.403547285923 5658.584443866952 502.0424470620492 3110.180275355233 11972.417847015677 1456.4364496476774 301.39379417255986 697.312065047212 1561.9022742176894 7772.392263272777 793699.1489725793 263667.785910632 97436.46042387234 14325.249029418454 0 0 2081312.0404261053 18800101.458144203 0 0 0 0 0 0 0 0 0 0 0 24125.66756663099 3889.76787154004 0 72.00876584649086 235476.88746841252 258022.44751801854 260956.3417834649 103675.85435997136 0 40.92978989104995 7604.117534674324 1930.3746477927855 151.65492309578076 3519.859826339698 2302.82603682218 27668.198156957093 229.87632146337273 2015.162824416343 209.07633477673903 6514.193927359753 3323.7759703396932 0 0 0 0 0 0 0 0 0 0 0 0 0 0 0 0 0 0
0 0 0 111.84486878967436 16.023198728786156 334.8394697098738 578.5060452142061 342.6265341462422 508.51316614479583 2628.6111841530073 2293.1292287221295 3338.8940945575014 1031.9469329599524 98.38618466452681 3146.3872580738716 342897.4845751327 26534.924993955763 7415.636157541419 17687.63958090433 0 0 104904.78110787272 14234090.449526757 5439397.792302206 0 0 0 0 0 0 0 0 0 0 0 1.3846155600622296 0 0 0 163943.4932687357 449420.30168056535 1964222.8794830143 0 3363.6775612737983 81.58000132492862 9345.905353183798 1592.994662475168 517.9900480832086 187.17609005390113 488.58607934993233 37.410206012261824 3.658788542824823 80.6669133062743 5565.744824460208 37617.94616205983 43975.106717520204 3906.4271235014494 0 0 0 0 0 0 0 0 0 0 0 0 0 0 0 0 0
0 0 0 111.44798931939658 48.84107857028084 58.54657939005119 2462.0993534897025 377.5479566154827 267.19779367386946 2591.7350918696466 894.9204346896659 625.6441491328878 165.4573408330034 105.7708217879208 6747.269077297697 18783.191727748635 5229.832098753046 3078.59213970328 0 15085.685577610508 67544.42989876866 2653457.7486881763 42865760.1482523 954106.555279702 220.03295254707336 0 0 0 0 0 0 0 0 0 8513.12304534018 0 0 0 0 0 258720.7977846535 2027523.6353543755 269193.8110835422 60973.04178519547 0 0 0.00007283051672857255 2797.7420735744786 662.8645703938273 21167.766214772822 356.57523936305824 80.29846790570082 125.37865640481232 889.8210916731833 26612.53840896788 1336004.9939411795 32027.749575094706 0 0 0 0 0 0 0 0 0 0 0 0 0 0 0 0 0
0 0 0 23.945758417175966 49.38598885374631 87.14235243647272 1202.5297653586967 191.62170095280453 306.037105915304 2136.21076468128 562.5894706032632 366.06048191666923 40.56028481678368 0 32176.891616007197 8846.399996234279 74408.99508100306 46902.89623253443 232057.4774112394 3502681.5071176626 3002893.276643712 4840994.509784088 6968521.070640087 0 0 0.8551455140113831 68.09953933954239 1826.4070780873299 28.123852133750916 0 0 0 0 0 259.1824541091919 142.84543552994728 0 0 0 0 711561.4518744126 373637.91796275973 193221.9895088775 277590.6167781437 203.67453615421164 6196.847582016322 1706.1908537207341 1949.5484092438285 652.5534512986087 3540.424439635797 204.93883059394648 144.7003408926439 313.2152756559385 191.07436148661031 18964.42475644135 45800.937644402125 40291.95152537142 67250.16369344364 0 0 0 0 0 0 0 0 0 0 0 0 0 0 0 0
0 0 0 13.223055723223297 31.921153046344443 137.8962459560189 384.5430269556455 839.7582260527124 2131.007482236746 6314.708878078323 333.89350355372335 4640.039863076672 0.0018249513814225793 36.90551509078068 27355.952406193013 35653.83656668317 51348.97914787335 248032.40597306797 744497.6888126321 484751.0431632791 0 0 0 0 0 0 1089.8206602185965 0 0 0 0 0 0 0 0 1107.2010259628296 115.00884890556335 0 0 15.994982246309519 100324.329366792 1117437.361002447 1708310.2849965394 43632.764637209475 8155.459261232372 910.431932672417 191.7935127065191 693.9235890813288 514.7707297994166 3452.1813081471482 3404.5581176080486 624.0209562765576 287.94087886708496 383.151241019548 1763.8192636834501 66403.04903415694 243221.76709807504 132376.3487329791 1559.6741140766535 0 0 0 0 0 0 0 0 0 0 0 0 0 0 0
0 0 0 4.318940827502047 6.566998812684687 136.88635333572165 576.9307315408332 2975.863205057678 487.91206239817984 2049.6268239697965 314.8005224310473 660.825232426083 0 0 0 0 34.83941075252369 0 92487.49140362267 226827.19572867313 0 0 0 0 0 0 0 0 0 0 0 0 41992.34470545966 165476.94193163753 0 1157.3090584278107 0 0 0 135.76892583817244 362.613641038537 586104.9676452242 2319688.544572226 69522.75459958799 0 0.004600268979629618 5127.324789777567 229235.42535006057 23210.959772203416 730.6035450974578 4641.914551105248 4889.7752908101975 1872.9143831409767 2890.0174402992307 6122.123375340096 39212.791061261494 449096.3760863389 4231491.784782355 93963.85458495491 3585.356906418031 0 0 0 0 0 0 0 0 0 0 0 0 0 0
0 0 0 2.3194421710104507 59.869970103540254 157.57405932018082 560.9475781727815 315.79349250372434 1574.071625708002 6066.829239011669 3338.13482413569 428.87139087493415 0 0 0 0 0 0 8862.68804505188 0 0 0 0 0 0 0 0 0 0 0 0 0 0 0 0 513.587251663208 0 0 0 0 55928.5933406055 15128.576402902603 584746.9702463597 777163.2491293177 54980.815363287926 0 0 0.0012499162075982895 206126.69696667008 17790.484843135895 25391.154103132518 2900.1807487709884 1775.394457190196 10678.945897240485 34369.90745732072 145644.8383106182 141582.35531417275 128461.33632589056 146413.53370746173 248684.72748798522 0 0 0 0 0 0 0 0 0 0 0 0 0 0
0 0 0 3.5808688803263067 54.84953007019794 223.4100295809585 635.5095104783904 196.9641542811114 1761.914265823183 1956.6704731366372 5682.7573138871085 4138.848405789344 0 0 0 0 0 154.62147990611265 122.20371586806141 0 0 0 0 0 0 0 0 0 0 0 0 0 0 0 0 4151.059765219688 2761.543204307556 0 0 236.34286457300186 37724.28862915933 95356.95092539862 122442.52555259317 152363.85578270257 118530.22381604835 0 0 0 17427.751670027545 114881.80765632563 105604.56419937115 22081.896921907115 18721.604799307068 44712.028830669035 135627.51128067804 790198.008867677 99123.97728912029 755.2368262645541 0 0 0 0 0 0 0 0 0 0 0 0 0 0 0 0
0 0 0 1.1573008390914765 1.8220057135404204 15.739837347362482 364.85257179648215 1794.940168487672 2740.343456558061 1887.134905608662 5709.050264938269 92430.6511260839 0 0 0 0 0 18.347595667932183 0 0 0 0 0 0 0 0 0 0 0 0 0 0 0 0 0 34852.46073181927 929.7038888037205 0 0 0 82333.19813153148 412729.495213598 29800.583229461685 67712.51167508587 39020.014273144305 0 0 0 0 1.0406907948690787 91264.18612153942 220549.02242100035 367024.5509081674 125192.49243997096 792778.3938590016 4448337.62701366 0 0 0 0 0 0 0 0 0 0 0 0 0 0 0 0 0 0
0 0 0 0.4690675036981702 0 0 1229.475795792183 5261.46648618309 507.3352277183294 231.25501447052739 774.9206111269596 159.50527356327984 0 0 0 0 11.70801475265398 2.690126334229717 0 0 0 0 0 0 0 0 0 35.408876180648804 0 0 0 0 0 0 0 0.5311116735683754 5026.1734578982 10.693824172019958 255.4852352142334 0 667.6057309601456 110934.58291336894 28004.48678086698 8310.644539862871 28587.314195759594 0 0 0 0 0.0009624122649256606 21.514477348158835 358698.97253526916 2653731.8415031903 170472.99048603157 53018.5301888549 0 0 0 0 0 0 0 0 0 0 0 0 0 0 0 0 0 0 0
0 0 0 0 0 0 366.2801579214083 487.60205987251175 79.36468851457175 337.2601864915341 3894.330057700674 5.079090163821093 358.7120484945517 2114.7259404904835 3801.634948218183 5383.298920353773 0 0 0 0 0 0 0 0 0 0 0 0 0 0 0 0 0 0 0 2.422474616803811 0 111.12938722223043 0 0 0 6854.565307676792 236074.1885751076 32866.07755099237 0 0 0 0 0 0.000017158834452857263 0.00002734485133260023 0 0 0 0 0 0 0 0 0 0 0 0 0 0 0 0 0 0 0 0 0 0 0
0 0 0 0 0 0 201.29776173501705 1434.5029570313309 104.95844418356137 276.48617218573054 675.7043095356203 66.80171285523102 2031.8029308588884 9088.622754429758 231069.08866603975 281.6106100679899 0 0 0 0 0 0 0 0 0 0 0 0 0 0 0 0 0 0 0 0 37732.689886758104 0 0 0 0 1.8742011785507202 13428.332920646295 59135.41555335 0 0 0 0 0 0 0 0 0 0 360.15373284369707 0 0 0 0 0 0 0 0 0 0 0 0 0 0 0 0 0 0 0
0 0 0 0 0 0 235.80168879894518 569.2048209963068 144.32829153718194 260.90333479093533 837.5388186319014 3715.035117802392 3258.9655012374587 6998.631305810035 506.9067810930719 0 0 0 0 0 0 0 0 0 0 0 0 0 0 0 0 0 0 0 0 0 251.91045635938644 0 0 0 0 2377.3765016905963 0 422316.16973282397 16291.184028804302 0 0 0 0 0 0 0 0 0 0.010879402747377753 0 0 0 0 0 0 0 0 0 0 0 0 0 0 0 0 0 0 0
0 0 0 0 0 0 113.73456199067186 993.7069453789427 68.4629550714053 166.63342240592465 144.2693895635548 2333.568557558174 2085.566322061728 2888.392429921936 0 0 0 0 0 0 0 0 0 0 0 0 0 0 0 0 0 0 0 211.51848047971725 338.759783282876 0 5703.882444249466 0 0 0 0 0 0 21379.448524147272 46080.99275363982 0 0 11.671899452805519 2.7953632175922394 0 0 0 0 0 0 0 0 0 0 0 0 0 0 0 0 0 0 0 0 0 0 0 0 0
0 0 0 0 0 0 37.674807782179414 1112.8221515439218 95.68171686629648 186.83073943193813 669.0519501576155 1866.3374856762093 0 0 0 0 0 0 0 0 0 0 0 0 0 0 0 0 0 0 0 0 0 6.830726191168651 0 97.83836150169373 0 0 0 0 0 0 0 0 0 0 0 0 9463.992957827635 40167.56046408042 0 0 0 0 0 0 0 0 0 0 0 0 0 0 0 0 0 0 0 0 0 0 0 0
0 0 0 0 0 0 30.252621078873744 5339.818064660183 103.35707183323393 179.21837159623647 1110.8461291758504 419.51863740001863 0 589.4730871917491 0 0 0 0 0 0 0 0 0 0 0 0 0 0 0 0 0 0 0 14.566712353378534 2400.5222116708755 6162.775020092726 0 0 0 10244.40933227539 0 0 0 116.83520433306694 22839.032295688987 7633.274478662759 84600.21510123089 6517.075153671205 801.9274125620723 245780.928382664 292.7247989550233 0 0 0 0 0 0 0 0 0 3341.977556464505 359.1721731081743 0 0 0 0 0 0 0 0 0 0 0 0
0 0 0 0 0 0 144.19195738777853 373.5012141932584 156.72957541170763 414.3303580526135 799.562243808643 127.50991387938848 0 1.1802253950791055 0 0 0 0 0 0 0 0 0 0 0 0 0 0 0 0 0 0 0 0 795.1893199570477 6622.847236827016 2676.9055594801903 587.4938175156713 0 287.44549997895956 0 0 0 0 135.95070934295654 1214.2815408706665 39848.68674072996 128601.36484340951 36128.106917042285 2766.9193063955754 0 0 2062.404383916408 0 0 0 0 0 0 201.1981068854293 75547.74399799487 81856.72335673362 0 0 0 0 0 0 0 0 0 0 0 0
0 0 0 0 0 0 2674.279368692194 990.1553028773633 121.4852834223093 221.401330853766 1062.5032672802554 149.48413124623767 0 0 0 0 0 0 0 0 0 0 0 0 0 0 0 0 0 0 0 0 0 0 1374.662708748132 2134.710479453206 32221.001119133085 0 0 0 0 0 0 0 119.02555084228516 0 0 0 736.2790818661451 2.876425415277481 0 0 0 0 0 0 0 0 8163.253373315092 59698.219653585795 207009.93279526397 305.98697190894745 0 0 0 0 0 0 0 0 0 0 0 0
0 0 0 0 0 0 342.98998820419183 597.9857526986852 202.86241580952992 95.72564374727153 147.6747391406352 0 0 0 194.5974163338542 0 0 0 0 0 0 0 0 0 0 0 0 0 0 0 0 0 0 0 0 0 229.60386511683464 8757.33335906826 94309.4649630934 4641.498272161931 0 0 0 0 0 0 0 0 0 2.0844358634203672 0 0 0 0 0 51264.62334021446 15750.31202894909 59802.328419424564 144397.28817276598 467119.79718015046 0 0 0 0 0 0 0 0 0 0 0 0 0 0
0 0 0 0 0 0 116.41945796780419 266.5524179715303 160.5398216025187 165.61476785369086 49.29132357922572 0 0 0 7.935347877442837 0 0 0 0 0 0 0 0 0 0 0 0 0 0 0 0 0 0 0 0 0 0 0 0 6763.134331505746 4942.285537587944 0 482.3920763731003 0 0 0 0 0 0 0 0 0 0 0 0 1686.2238784979563 1718997.6102101111 582273.1318900335 707957.6544740291 0 0 0 0 0 0 0 0 0 0 0 0 0 0 0
0 0 0 0 0 0 90.86682061580359 198.244560945197 1218.859715379469 18168.607538053668 15.38717121164882 0 0 0 0 0 0 0 0 0 0 0 0 0 0 0 0 0 0 0 0 0 0 0 0 0 0 0 0 363.14385168254375 2935.862595008686 0 1510.2393910884857 499.08958435058594 0 1341.067081823945 0 412523.61781328544 10442.265178479254 0 0 0 0 0 0 0 441.9780040612095 277831.6781162435 14547.555120835226 0 0 0 0 0 0 0 0 0 0 0 0 0 0 0
0 0 0 0 0 3.519015426157239 156.261033143428 123.45634542193875 275.272784236422 88.54180815120708 7.126834574402892 0 0 0 0 0 0 0 0 0 0 0 0 0 0 0 0 0 0 0 0 0 0 0 0 0 0 0 0 0 0 0 1532.093558371067 8189.472210764885 21.938167572021484 0 2146.8883385919034 479245.635746507 3718.632913850248 0 0 0 0 0 0 0 0 456.7954186243078 0 0 0 0 0 0 0 0 0 0 0 0 0 0 0 0
